100 4012
0 1 3
0 4 -4
0 2 8
1 4 7
1 3 1
2 1 4
3 2 -5
3 0 2
4 3 6
50 97 71
98 79 49
64 19 95
76 30 87
59 11 95
84 17 77
76 57 71
34 19 73
100 12 49
33 4 70
51 30 66
22 16 53
78 64 55
89 86 58
55 73 97
99 60 93
13 9 85
90 84 96
53 55 91
98 40 85
25 49 75
70 60 86
21 73 58
80 83 87
67 69 53
88 37 85
36 97 65
13 81 76
9 33 68
61 68 96
90 42 69
51 43 94
52 1 78
48 28 55
29 72 75
46 31 51
33 14 67
13 57 90
41 86 83
4 71 96
66 65 91
91 20 57
10 52 94
45 30 87
64 15 81
34 32 95
48 66 72
36 86 58
51 44 91
68 59 59
90 31 55
39 27 83
27 38 59
35 13 74
46 92 97
80 84 85
59 7 52
28 90 79
23 48 60
26 10 60
27 17 67
78 79 76
2 91 93
67 80 52
66 61 95
88 11 79
72 50 66
43 40 90
64 25 53
99 13 62
38 39 77
65 59 70
67 68 59
21 42 83
92 40 99
100 82 55
49 26 69
21 29 50
89 28 56
21 19 70
27 63 80
73 63 55
81 40 71
33 86 80
42 69 80
25 97 82
55 85 80
22 3 99
64 89 49
59 78 74
39 47 55
14 1 58
73 28 60
61 63 86
58 27 57
78 30 54
7 62 57
50 4 68
26 63 91
94 26 92
44 67 50
70 11 79
54 17 64
41 1 92
18 66 74
81 95 83
59 24 81
7 6 91
45 53 59
13 27 82
68 27 64
81 7 66
18 97 94
9 11 54
58 55 70
50 88 86
43 64 85
87 15 71
30 7 92
21 50 80
90 80 49
24 55 56
71 85 52
57 16 54
14 79 68
86 51 53
7 42 49
100 53 89
62 60 88
81 84 96
94 81 81
8 57 70
6 92 52
72 48 83
95 27 74
53 78 94
52 28 76
30 56 88
46 6 50
78 24 59
34 45 92
83 7 82
1 69 69
2 81 63
31 32 96
6 15 66
26 46 68
42 59 69
24 8 67
76 7 84
55 18 77
80 27 89
80 18 96
57 17 89
79 98 90
74 58 62
51 96 54
65 94 58
92 50 87
90 96 97
60 14 70
2 85 76
66 69 76
35 48 93
38 6 71
42 97 71
19 54 54
35 55 80
68 29 91
84 45 68
51 38 64
23 95 73
13 53 57
53 94 56
12 3 49
68 92 62
93 51 55
87 7 64
96 75 57
81 26 77
25 93 52
73 22 94
83 42 57
75 45 49
97 9 51
16 50 67
72 20 67
47 8 61
22 63 70
13 18 81
59 82 68
63 34 88
68 60 83
18 7 69
64 66 62
31 34 68
83 75 53
16 36 72
49 88 76
40 26 55
97 78 97
7 12 76
58 71 56
7 100 93
53 29 71
57 75 88
82 9 87
10 12 65
75 12 67
56 96 60
96 2 99
3 22 59
85 3 89
90 18 55
30 12 66
72 71 59
16 92 87
13 2 54
6 98 84
76 24 88
49 64 87
61 77 70
63 1 65
92 7 79
53 60 49
10 49 63
71 91 68
39 79 58
21 2 84
41 95 89
24 92 71
62 6 84
90 48 64
57 55 53
72 86 85
38 55 67
3 5 50
39 63 78
89 96 68
29 69 95
19 72 70
76 60 82
92 75 52
26 43 57
28 94 60
24 31 57
62 4 81
41 94 63
67 86 51
68 2 64
96 13 65
7 61 74
72 56 79
6 30 49
95 71 84
74 9 64
60 8 97
6 62 54
93 18 71
54 56 92
77 30 92
38 13 54
13 72 52
80 95 64
63 48 95
28 75 65
96 77 51
28 87 74
41 37 92
20 39 87
2 5 83
91 88 68
50 22 98
10 70 75
32 6 72
40 37 77
93 28 75
52 2 53
75 68 52
98 24 54
21 70 74
4 80 82
81 42 63
54 36 85
71 28 57
54 64 83
25 19 76
22 53 99
66 19 56
90 35 62
89 16 74
18 46 86
30 46 54
73 55 93
58 68 61
29 65 62
66 52 64
80 15 57
17 58 79
2 40 95
46 73 82
63 100 75
6 13 79
60 97 57
89 13 78
14 17 94
76 71 98
11 95 75
84 89 61
62 77 88
81 89 82
66 94 53
68 41 49
10 38 64
32 76 79
94 29 63
58 93 67
78 56 79
9 18 89
79 59 82
4 97 89
11 91 98
1 59 64
25 37 60
13 42 65
7 73 80
15 44 67
39 76 90
39 92 68
5 18 80
3 43 99
7 81 59
9 44 86
78 12 55
23 11 77
9 12 72
58 16 64
6 91 92
39 75 93
41 23 96
99 77 84
12 66 78
76 29 79
29 8 79
62 83 71
14 75 86
73 25 92
6 86 86
37 27 87
49 48 95
12 82 87
51 21 52
55 54 93
18 5 73
38 52 89
37 50 77
75 29 59
72 58 53
48 62 87
1 75 53
31 37 81
45 61 96
66 17 57
20 77 60
72 21 86
70 90 54
13 40 73
29 53 65
76 18 99
95 93 90
9 32 68
28 100 77
55 43 86
91 23 52
82 77 84
14 51 82
83 73 60
10 95 60
6 65 61
41 83 56
41 91 83
81 12 75
3 10 64
89 31 55
44 57 66
94 55 81
58 46 51
25 92 89
75 8 59
37 39 75
100 38 65
63 56 96
75 65 58
7 44 53
100 55 73
46 1 57
29 33 79
37 64 56
55 56 96
9 57 78
22 39 70
96 66 63
79 42 92
87 92 88
59 21 76
55 36 83
66 96 71
19 77 68
67 58 71
98 17 67
38 93 81
47 37 90
90 49 60
82 89 85
30 81 91
49 45 62
9 41 73
75 55 99
30 23 60
53 33 79
21 79 76
94 72 94
56 41 98
78 62 70
60 24 83
36 79 49
53 79 82
21 39 57
60 64 55
16 32 78
51 27 92
62 90 77
18 50 70
58 88 73
98 82 90
56 36 77
83 68 78
63 88 90
15 11 50
59 48 72
64 21 88
7 51 93
13 38 90
39 82 67
9 73 85
94 36 49
59 15 67
61 4 64
30 29 96
96 51 64
40 61 52
46 39 93
61 3 61
21 85 54
78 11 90
79 73 63
28 15 83
73 82 53
15 51 85
24 38 64
23 74 56
53 83 74
98 69 61
59 86 94
15 55 93
75 52 53
75 23 73
98 67 72
1 55 66
76 95 53
46 18 52
39 78 73
26 7 89
24 1 70
32 62 69
30 85 70
71 63 76
1 60 51
34 5 58
90 53 66
85 47 88
18 23 85
89 4 67
9 46 54
97 4 76
44 33 83
48 4 97
77 49 50
22 10 71
90 79 77
36 81 57
66 56 96
32 30 79
78 61 91
12 60 71
43 20 90
25 18 95
20 41 55
45 38 61
40 65 84
61 58 97
62 31 94
86 26 73
34 50 98
47 84 58
37 34 86
55 2 81
99 9 71
41 35 84
14 46 60
22 6 86
49 31 90
97 33 72
54 33 56
62 33 75
20 19 71
75 37 81
26 27 62
89 93 91
11 48 88
90 11 99
19 91 73
6 96 81
94 90 89
98 72 90
52 54 77
51 18 95
46 83 51
23 78 70
26 24 92
69 100 97
65 50 50
43 36 61
86 75 65
4 27 75
87 2 68
12 77 83
11 96 96
87 71 98
62 45 92
38 92 60
74 14 67
74 67 89
8 40 94
36 77 90
72 17 63
7 86 72
46 15 73
83 44 94
51 54 85
63 17 69
32 96 54
71 8 99
40 24 90
53 37 50
28 32 85
79 94 68
25 1 69
76 59 77
68 72 99
87 5 87
57 45 93
75 13 80
70 17 56
18 86 55
24 78 58
5 82 94
99 97 52
99 3 49
67 2 53
46 51 90
18 93 49
70 72 51
10 16 57
30 40 54
52 76 75
71 53 80
14 90 51
10 61 69
53 26 93
78 44 60
24 25 50
32 41 52
20 72 50
93 1 71
7 49 78
100 76 77
39 62 96
64 55 54
97 75 74
62 1 67
36 29 66
17 51 63
76 89 64
85 4 73
0 1 61
100 16 52
66 92 72
83 79 55
31 97 86
54 44 69
86 89 99
26 54 90
38 64 76
97 43 60
79 5 69
7 40 61
68 64 93
20 38 87
76 70 57
40 36 93
45 73 54
38 56 76
8 100 61
54 79 96
19 99 63
20 21 52
9 96 52
19 47 56
73 35 57
13 62 55
76 87 82
65 49 52
14 78 53
84 90 49
23 100 49
63 32 58
77 10 66
80 46 91
17 78 87
31 59 69
70 91 53
52 59 60
96 14 98
28 43 98
99 84 53
80 99 86
48 49 51
16 87 74
99 54 55
82 71 54
34 65 55
93 59 94
96 18 61
28 88 61
49 47 51
7 60 71
62 94 67
27 89 53
91 58 51
51 87 73
37 47 91
65 27 99
45 40 68
74 87 81
89 61 92
69 52 56
22 80 91
75 88 84
34 55 58
18 94 89
23 75 74
26 32 60
64 52 51
38 50 49
9 49 82
18 75 94
28 26 81
88 43 66
48 44 77
12 69 53
95 66 86
88 5 73
65 73 54
86 72 96
28 68 92
7 72 64
14 67 61
56 48 58
91 85 62
53 57 99
34 29 49
31 29 91
3 68 98
33 18 57
17 77 95
3 85 60
93 3 75
28 89 78
84 67 81
47 27 51
60 33 85
1 42 82
42 90 78
25 85 74
31 90 49
47 11 91
91 22 53
69 25 73
52 4 91
77 42 97
39 44 67
91 44 82
53 99 55
37 78 69
80 38 89
13 23 67
8 69 71
30 89 57
2 22 60
16 59 86
50 31 72
32 57 68
15 4 90
3 56 58
39 41 51
76 26 57
100 65 82
16 88 63
91 49 62
91 97 82
58 81 99
48 77 76
43 53 87
3 92 64
6 56 78
16 34 55
94 6 91
84 27 52
69 19 70
53 70 78
32 28 64
57 73 57
38 1 83
78 68 69
25 94 70
77 6 69
78 60 54
39 23 87
37 17 64
63 47 58
4 51 59
7 55 94
62 20 97
50 29 70
93 89 86
86 21 88
12 95 56
10 93 54
20 75 54
94 5 79
36 98 54
38 23 92
28 19 54
31 35 51
9 52 67
19 46 69
62 8 84
97 53 97
5 24 51
10 81 99
8 85 82
58 98 58
41 60 88
51 52 99
28 18 53
71 15 62
74 36 91
10 28 83
47 43 96
14 85 62
93 38 55
85 62 52
81 17 64
92 60 85
32 12 98
99 35 90
39 34 96
47 60 51
57 87 94
72 25 74
80 96 86
87 9 49
47 57 99
74 18 54
66 75 88
59 81 78
57 27 93
2 76 67
47 49 97
18 34 55
41 53 88
77 100 87
77 1 80
93 21 88
15 29 59
8 26 64
45 34 72
53 69 62
71 87 89
20 12 61
43 7 76
25 68 69
35 73 82
52 49 69
71 96 89
76 86 54
73 93 83
29 34 74
72 73 98
73 26 61
96 58 54
99 20 79
19 33 52
6 18 81
44 17 69
29 81 97
60 27 66
78 65 67
87 63 67
87 29 53
5 57 49
82 45 93
81 45 55
80 7 49
46 38 87
38 14 61
19 82 88
28 4 61
58 8 52
2 43 59
23 9 67
32 19 57
73 5 99
83 38 82
70 76 73
55 4 54
97 17 51
49 30 78
65 10 71
48 41 61
99 46 71
96 79 50
2 12 82
25 74 81
48 47 84
42 52 75
41 50 98
8 81 84
82 28 56
24 95 96
5 6 89
89 53 96
37 6 66
86 58 74
85 91 52
36 91 49
84 62 61
43 99 50
45 86 98
12 85 95
31 33 50
26 86 66
34 14 81
1 74 56
85 9 61
20 13 84
19 28 72
5 66 95
20 96 76
85 75 84
89 14 79
13 14 63
89 59 81
18 29 66
30 68 55
47 91 67
13 69 61
27 71 87
24 72 88
7 27 81
67 72 57
62 74 53
91 86 58
78 17 78
92 36 70
49 12 76
6 16 60
37 21 76
24 98 52
90 59 81
83 67 66
18 30 62
40 69 49
22 43 62
81 14 60
14 42 93
82 88 71
43 86 59
67 46 60
59 87 51
42 65 53
47 51 53
35 100 82
15 60 56
42 33 66
6 35 99
46 89 94
68 47 82
62 46 50
19 14 72
14 95 62
37 32 97
88 87 98
96 22 81
88 73 94
74 54 91
27 100 56
85 38 91
98 30 93
74 30 94
3 53 72
43 98 88
66 40 95
94 8 50
59 79 95
69 83 71
72 49 78
45 96 69
23 85 90
19 55 80
62 27 75
91 19 51
89 2 57
64 39 70
9 50 49
88 78 74
45 31 91
47 48 78
26 48 52
61 64 66
41 22 64
26 96 90
57 9 62
64 40 65
3 66 57
63 75 94
25 96 87
96 27 61
75 38 82
97 21 73
53 56 89
3 75 50
38 27 78
38 54 88
11 15 73
33 77 53
33 15 81
75 7 86
100 27 72
15 65 87
93 77 85
48 80 60
21 54 76
6 26 98
32 46 63
82 37 51
57 43 72
19 17 89
49 66 70
2 54 76
15 45 92
57 82 63
5 73 79
48 1 81
34 7 58
68 55 55
25 40 94
51 94 67
50 77 53
33 44 78
43 12 61
64 50 79
94 27 81
66 7 95
52 32 61
12 25 96
70 24 71
73 95 78
76 63 88
41 76 74
66 73 75
78 3 90
98 83 75
18 58 79
47 88 81
49 76 88
9 31 63
1 39 56
23 26 89
69 33 81
68 96 95
4 95 72
1 12 83
68 3 58
49 86 69
26 49 54
82 6 89
53 77 81
95 28 65
50 52 53
78 94 52
85 33 62
59 52 79
31 20 65
22 25 51
40 93 85
72 47 60
76 64 59
83 88 81
73 16 65
87 10 49
71 83 97
11 1 71
44 14 72
72 98 75
85 63 71
25 31 60
14 55 64
42 46 97
89 32 98
20 65 82
29 20 54
80 22 49
35 80 79
79 38 99
73 30 99
37 99 59
8 86 67
42 14 84
98 15 91
84 87 59
28 76 99
29 71 59
69 84 82
50 19 69
11 40 65
38 20 70
87 84 85
42 6 98
14 62 82
93 69 95
73 41 82
98 60 69
44 69 53
40 19 82
49 87 68
74 21 96
35 65 69
40 58 78
4 55 90
74 59 85
17 43 54
99 36 54
60 39 49
35 94 80
43 55 64
52 6 67
23 38 52
74 31 55
90 38 61
71 61 90
23 52 76
38 87 97
64 43 64
64 98 63
4 85 58
14 53 63
74 15 96
44 19 78
34 90 52
61 96 74
41 81 80
76 19 96
95 45 67
29 68 98
36 4 77
79 44 50
58 20 83
18 28 90
93 47 97
48 100 82
98 54 51
72 13 96
2 27 87
3 91 57
6 52 88
80 76 77
90 10 76
60 7 50
42 38 75
84 32 73
52 95 82
21 99 59
56 71 56
18 48 82
23 21 92
58 76 81
70 75 54
41 47 51
38 99 87
85 39 69
61 47 76
8 55 97
60 42 62
61 18 49
5 94 91
100 80 87
25 50 84
57 4 86
97 89 71
30 2 97
66 58 55
28 44 58
7 97 64
63 33 63
64 75 98
72 100 86
25 21 97
77 79 83
7 59 62
47 32 79
9 10 96
43 50 94
90 17 77
79 96 75
13 80 68
2 4 79
12 98 72
43 67 76
4 9 96
54 82 86
79 55 88
9 70 88
76 44 84
12 5 77
45 23 94
63 80 79
23 93 91
69 46 56
3 58 64
85 41 63
88 99 89
90 47 56
89 95 49
78 32 79
99 30 60
56 24 62
14 18 63
92 87 81
73 59 54
28 52 88
57 2 95
26 95 52
24 69 54
28 21 51
36 94 95
68 58 88
85 77 79
83 84 64
32 25 63
50 63 56
73 92 92
82 34 58
7 74 86
71 45 90
37 43 50
19 38 49
55 31 71
90 37 59
23 34 73
60 57 85
49 65 68
38 45 78
9 36 74
36 70 98
48 11 54
53 5 62
17 85 66
5 88 93
38 17 94
100 64 52
28 92 96
62 61 88
31 94 92
65 60 57
8 54 93
43 62 65
61 44 98
21 3 54
88 18 67
65 78 88
11 6 72
46 44 68
71 41 72
70 10 59
57 83 73
26 1 73
33 21 62
94 41 80
78 52 98
100 71 79
1 80 86
27 86 90
13 92 54
47 22 77
89 98 56
10 64 79
84 69 55
37 28 88
25 42 70
70 71 56
81 23 74
51 90 83
19 65 81
24 29 76
81 67 72
24 33 97
35 36 75
100 63 65
10 43 63
98 50 94
47 61 96
29 21 88
52 96 78
63 31 94
25 81 95
18 63 94
23 32 54
60 99 50
29 92 79
38 29 87
69 6 61
100 33 51
32 100 93
45 25 67
32 47 75
86 77 72
63 27 85
62 34 74
18 53 84
87 50 64
25 79 71
42 94 91
7 85 85
63 95 62
92 43 89
39 70 56
14 30 51
60 73 87
40 87 54
96 43 78
84 41 58
31 14 73
71 46 93
28 50 53
25 99 88
17 37 74
21 61 82
49 89 68
60 36 90
16 27 62
62 88 78
51 64 77
92 1 77
35 59 51
9 29 61
15 74 49
89 100 65
46 86 75
87 21 74
97 46 87
45 59 62
19 60 82
70 64 61
92 89 90
49 95 82
62 95 98
2 64 95
33 96 79
21 55 61
72 85 71
50 46 49
15 89 76
28 61 72
36 100 55
82 31 56
40 4 85
10 46 55
87 16 85
52 37 83
75 59 93
24 71 52
68 57 60
20 49 54
22 83 86
94 25 97
64 41 50
63 41 56
74 24 95
72 31 68
24 44 92
85 90 73
91 29 88
66 90 84
31 64 62
35 64 54
17 94 71
99 28 82
49 29 71
55 57 92
34 3 87
82 14 85
34 70 57
49 57 85
20 17 72
65 45 59
85 8 64
39 98 67
96 34 56
33 64 92
14 87 96
10 56 76
54 59 60
76 90 59
18 73 86
80 8 66
8 90 88
42 100 63
71 82 83
60 43 56
58 6 56
27 81 99
87 100 92
65 87 52
47 35 65
15 94 91
58 14 74
51 17 91
95 99 75
38 28 61
18 47 55
89 38 59
89 56 77
76 22 53
20 27 81
18 51 94
40 74 60
88 59 65
6 76 89
85 25 71
21 71 55
64 71 50
44 75 70
21 56 83
63 20 79
24 50 82
81 4 83
37 71 49
22 1 65
90 43 74
45 99 63
99 15 83
76 98 63
54 8 94
87 57 72
12 61 57
56 98 76
50 35 78
24 59 67
77 4 92
16 20 52
45 12 57
53 40 64
39 56 51
7 31 59
30 4 67
87 75 76
29 41 94
2 67 93
67 11 92
71 34 55
9 30 52
97 82 51
59 16 61
2 78 93
9 45 89
38 12 79
2 37 85
53 8 54
78 81 61
46 62 78
59 63 70
68 79 78
94 45 93
16 97 76
28 12 97
10 91 65
9 51 64
71 98 59
36 74 50
17 49 55
78 27 51
5 68 62
7 96 50
32 31 68
25 64 77
98 87 86
2 45 53
2 55 75
17 96 51
50 71 59
21 13 73
22 61 89
31 27 50
38 82 56
56 18 86
11 85 68
88 98 56
21 32 49
7 94 61
50 12 79
63 5 95
37 82 93
80 3 64
87 17 78
37 14 72
21 36 49
59 57 95
59 6 87
71 97 60
45 54 99
75 100 59
98 68 99
21 96 73
6 39 84
57 70 93
51 3 56
72 74 98
4 84 68
48 52 86
27 87 56
61 23 72
11 54 80
94 97 87
31 48 62
56 57 75
16 86 61
75 53 93
16 40 94
93 35 74
13 86 54
10 74 49
80 11 65
23 3 91
94 84 73
3 9 54
38 63 86
35 50 76
21 97 91
13 87 98
51 80 93
33 34 59
49 84 88
9 84 75
88 28 80
84 72 87
37 40 85
30 76 55
38 65 70
10 86 85
47 44 81
94 18 55
90 50 77
64 61 99
5 91 82
71 60 80
28 37 91
62 98 68
44 85 70
90 20 59
15 77 86
76 15 66
71 95 96
86 17 69
30 11 50
18 76 90
44 88 50
23 18 56
86 25 56
42 64 72
15 66 96
89 92 74
100 47 75
90 30 86
55 63 56
20 87 67
56 34 87
69 57 59
35 88 94
63 89 66
85 14 52
54 84 85
81 77 60
23 46 73
36 39 67
88 75 73
14 10 62
7 5 71
7 64 61
89 78 69
80 63 49
67 35 95
23 66 67
65 48 73
73 91 63
66 3 85
5 16 86
79 27 97
52 72 67
65 12 93
94 7 72
88 48 85
70 46 56
73 47 73
3 45 52
4 70 61
69 32 87
96 47 95
56 14 93
5 27 57
37 20 92
97 63 93
79 89 98
3 39 73
61 37 52
68 44 53
83 5 49
84 51 64
70 45 95
11 67 97
5 83 74
72 29 77
61 84 52
22 84 68
27 41 78
62 85 90
41 19 81
45 71 97
79 22 73
55 39 92
70 65 86
6 67 50
96 15 62
4 92 71
69 18 92
43 90 82
27 20 88
16 41 50
15 28 58
80 23 86
90 76 63
1 97 93
2 87 73
54 95 52
30 82 60
56 21 62
6 22 77
14 91 88
44 73 79
20 81 97
94 96 59
79 18 65
97 13 65
53 89 52
58 80 94
99 37 83
89 49 61
79 95 86
64 28 58
81 21 72
76 48 61
96 40 90
64 49 77
38 42 92
80 91 85
67 34 68
80 98 76
94 58 54
30 65 88
58 11 88
10 40 68
62 44 60
49 55 79
48 56 51
12 75 64
46 66 93
36 46 66
23 99 79
67 73 63
13 50 56
97 61 57
47 71 81
18 79 59
87 67 81
84 83 76
55 78 51
93 50 75
71 59 55
17 73 90
49 61 63
63 72 75
50 2 91
31 52 67
11 17 58
37 58 71
67 57 87
1 14 60
20 44 62
18 6 58
32 75 76
74 25 97
85 6 88
39 10 62
5 54 75
83 33 66
52 20 58
71 65 57
39 81 58
66 6 56
62 75 89
35 29 97
31 81 69
34 99 62
96 98 80
36 55 59
63 37 61
59 100 95
78 84 61
28 80 98
70 36 91
6 84 74
92 65 64
40 8 67
11 68 74
15 38 51
22 11 91
83 43 85
80 79 50
34 30 51
43 10 50
29 62 93
12 8 94
88 19 99
83 48 64
35 71 96
73 77 91
79 43 80
88 93 81
89 82 52
42 76 54
53 16 53
65 38 51
51 32 54
62 65 52
78 98 74
73 18 71
42 80 75
55 52 80
88 12 49
95 73 65
99 4 88
82 5 59
79 23 51
45 26 65
6 83 51
94 98 75
28 70 89
20 99 56
68 56 94
78 51 69
84 79 58
17 10 88
92 5 70
12 1 77
79 74 86
10 24 51
92 48 84
31 83 90
74 66 49
89 44 68
81 65 98
5 59 95
84 99 53
26 91 71
31 50 64
88 58 94
58 36 98
22 91 99
85 86 78
77 65 71
9 16 96
2 93 70
13 16 60
88 46 95
47 36 60
74 95 62
7 68 72
65 13 63
45 85 99
100 91 88
82 35 77
58 91 62
37 41 50
14 68 63
41 100 80
13 15 68
2 19 75
76 43 72
83 27 98
39 52 60
18 60 75
50 99 86
15 47 84
98 93 55
52 47 58
69 35 79
74 70 52
99 42 51
75 36 90
53 15 73
64 9 66
97 35 87
34 64 85
18 19 57
51 8 61
55 37 85
25 36 80
67 75 71
9 99 75
25 45 86
5 52 56
4 54 82
30 28 58
37 96 50
82 65 80
16 47 75
88 66 56
43 49 65
57 7 88
70 69 59
67 6 92
80 21 72
48 9 53
84 6 57
85 94 51
20 71 63
68 31 77
37 83 50
14 70 87
90 19 67
88 36 53
27 82 58
18 38 72
23 87 54
32 51 84
12 86 93
77 38 56
46 32 59
46 52 98
3 1 71
100 34 56
37 72 82
66 47 91
19 4 94
88 38 81
14 33 64
20 67 67
29 48 93
53 90 57
97 98 62
35 68 51
79 76 97
19 94 76
96 76 50
99 76 50
88 90 85
89 35 61
79 49 60
94 35 66
13 20 58
18 24 78
70 26 63
41 80 82
30 54 80
74 8 67
17 44 83
12 17 76
11 16 61
51 66 89
72 64 62
98 78 96
93 40 68
11 28 74
14 52 93
68 83 84
86 63 85
100 49 55
87 61 65
88 33 50
87 43 73
16 94 71
63 83 92
74 55 70
93 19 79
7 30 71
95 59 97
18 33 59
49 37 49
51 67 88
72 91 95
55 79 68
81 60 91
17 28 91
32 33 92
55 11 97
46 47 94
70 66 76
35 43 71
39 35 49
32 61 71
79 40 74
30 17 76
64 17 55
78 21 75
12 57 84
95 10 69
53 58 62
30 100 68
22 96 80
1 68 71
97 67 95
34 56 85
7 4 91
93 95 98
92 29 75
69 49 83
14 26 55
75 28 55
24 36 84
94 19 97
1 50 51
91 4 84
18 87 94
84 73 78
56 5 77
36 38 77
58 1 52
62 26 72
38 60 70
73 45 53
12 19 80
66 26 69
21 28 92
19 2 81
50 70 77
64 47 56
95 13 79
82 27 65
30 98 52
5 3 52
95 84 60
40 73 97
8 60 70
56 83 92
49 9 67
52 43 82
26 76 55
40 32 50
84 1 83
48 20 60
88 2 59
97 81 84
16 7 60
47 52 52
95 16 94
5 85 65
23 28 72
26 28 59
9 77 71
40 47 72
15 3 65
20 74 86
12 74 63
60 76 59
86 48 99
8 16 71
19 9 88
3 6 70
53 87 53
7 82 50
22 56 63
44 16 74
96 21 56
92 99 49
18 96 70
55 5 49
44 74 97
2 52 70
49 52 55
98 65 73
34 72 92
20 78 88
92 3 95
37 52 86
99 86 99
22 32 72
40 95 75
12 11 64
58 33 79
97 16 90
82 2 80
79 82 78
100 18 77
19 10 84
22 7 95
53 22 77
87 64 56
44 24 61
97 18 56
85 84 52
59 13 87
31 88 83
83 14 81
31 99 82
60 6 57
47 1 55
37 11 60
6 49 53
21 94 82
34 61 97
13 67 54
2 60 64
57 14 55
24 32 70
72 41 64
84 12 85
29 42 64
10 48 90
84 18 54
94 17 77
74 90 52
78 54 61
31 25 56
95 42 81
67 21 51
18 36 62
2 57 86
31 72 86
41 77 68
3 63 75
22 57 72
96 53 75
86 30 95
41 55 86
6 87 92
67 7 49
63 45 99
90 4 87
43 69 63
14 7 68
77 86 50
24 94 72
57 60 56
4 13 59
51 60 84
46 43 85
42 67 80
61 34 97
85 30 50
100 45 74
92 35 63
74 53 69
10 53 82
43 75 53
27 10 56
81 2 58
53 48 83
73 40 73
3 33 80
79 7 66
60 4 81
21 6 91
3 50 91
25 80 89
31 84 98
49 96 77
26 97 84
38 25 53
17 14 86
50 84 71
53 21 49
65 4 89
15 30 91
100 51 62
56 11 75
49 32 56
14 89 65
97 72 80
16 75 65
70 87 98
3 36 82
84 63 65
33 54 68
78 97 80
37 44 59
40 91 94
74 71 96
57 36 99
80 88 49
9 94 88
74 65 50
49 39 51
97 71 57
20 10 87
99 91 49
36 61 88
63 67 59
50 91 60
51 91 79
7 84 93
17 12 80
88 30 51
26 13 83
29 18 78
97 31 98
74 38 99
68 26 74
59 35 76
8 2 76
90 55 84
56 87 83
56 35 50
5 53 73
69 50 49
14 57 74
27 9 73
37 1 52
16 57 62
90 57 59
46 87 66
73 38 63
92 25 61
23 10 99
70 61 79
69 71 94
35 96 99
44 1 92
70 83 51
48 34 49
85 98 79
90 5 71
43 72 84
19 88 51
58 3 86
69 93 63
94 87 76
65 36 99
87 34 69
70 93 87
94 23 53
33 26 50
21 52 90
89 73 94
30 58 50
88 80 82
75 48 90
33 47 55
37 60 93
38 19 91
60 13 60
58 75 81
44 39 88
77 29 53
18 77 99
4 56 56
95 76 64
50 37 56
16 33 51
30 24 83
66 82 61
76 1 69
65 39 90
99 10 58
21 63 80
33 41 65
1 91 71
43 97 71
4 83 69
36 21 88
34 31 67
92 82 93
41 88 76
93 13 97
96 49 75
86 93 71
56 25 66
61 81 70
7 38 86
51 63 59
2 14 58
4 67 92
56 55 64
35 54 76
91 16 83
53 30 83
34 52 87
61 54 71
94 20 56
74 83 58
86 74 66
2 8 92
85 46 68
99 81 53
24 62 67
89 88 90
84 33 55
49 94 63
1 9 60
8 98 56
94 65 52
66 54 82
30 32 98
11 100 95
98 19 67
19 56 84
31 45 62
92 74 54
86 92 99
19 75 68
86 32 91
4 64 55
92 54 72
69 92 79
46 97 68
47 38 54
52 90 85
93 9 93
13 25 52
10 100 77
10 26 55
31 55 64
47 58 67
96 8 61
91 67 71
54 51 78
95 91 84
10 66 91
78 47 91
69 17 49
3 90 64
35 99 91
33 38 82
97 47 57
66 77 53
75 64 56
11 14 75
5 63 98
43 22 73
82 10 54
80 31 79
26 98 95
1 53 87
8 34 60
50 72 92
4 17 51
88 79 94
34 94 97
90 56 95
63 77 86
20 33 69
59 54 95
40 10 94
57 12 61
47 98 92
61 97 95
44 42 62
91 47 84
82 36 67
57 47 87
3 31 61
39 99 57
74 49 96
57 26 97
8 14 72
2 13 66
10 34 98
47 25 49
84 48 66
21 91 79
48 12 51
90 87 68
42 53 72
88 17 82
38 2 78
31 44 88
26 73 86
93 37 73
30 63 68
81 54 57
97 56 99
28 3 94
73 32 54
43 29 70
90 3 85
93 24 84
60 48 56
29 43 87
95 47 60
66 13 86
99 33 77
74 5 75
23 16 89
57 86 57
9 4 60
98 1 95
94 12 71
37 56 56
15 79 93
11 97 76
45 2 77
6 37 88
61 98 91
74 99 70
20 52 70
9 6 93
60 80 85
61 20 79
84 4 59
32 70 71
21 80 49
5 50 51
13 94 56
89 3 86
55 28 88
57 52 74
40 79 93
60 86 50
76 27 74
75 34 61
7 43 83
86 19 70
61 74 62
36 13 79
48 14 61
68 45 50
61 28 64
90 14 52
54 77 60
52 17 93
46 4 58
77 69 59
70 44 92
77 68 56
82 16 61
29 100 76
26 35 57
65 99 67
33 52 62
46 9 95
94 89 80
98 44 57
81 62 62
10 4 74
92 45 76
53 39 97
21 25 71
8 29 92
67 83 62
87 30 87
6 57 83
17 84 75
84 39 55
28 54 68
55 84 79
75 51 80
13 55 51
20 56 73
33 76 74
20 11 70
46 80 87
8 83 72
7 45 85
42 60 94
29 38 73
79 48 96
55 83 59
39 25 54
8 56 63
60 53 81
68 18 76
30 64 52
40 78 77
22 14 81
54 26 54
15 17 83
73 100 56
35 8 89
47 4 83
75 73 95
3 87 58
10 2 52
70 82 90
46 99 91
98 7 52
85 72 92
40 18 85
9 74 91
50 76 91
82 66 78
5 40 77
99 44 59
15 42 61
55 72 83
6 73 59
26 85 70
68 33 85
87 28 85
95 60 69
93 54 82
34 73 73
50 34 49
25 48 77
64 3 56
20 92 89
77 88 74
3 28 88
85 5 99
80 43 88
42 32 83
50 47 89
60 56 54
17 72 89
36 31 55
51 36 97
37 69 51
76 10 64
49 21 66
80 59 75
50 16 99
65 79 72
25 28 95
24 11 71
93 2 79
1 76 73
56 85 75
23 96 55
6 5 99
5 8 73
90 28 58
40 59 95
25 11 61
45 55 73
24 4 50
90 92 89
41 65 84
29 5 99
73 33 94
18 61 50
80 50 70
65 3 92
82 87 92
94 88 94
73 70 51
62 12 63
78 37 61
47 97 83
17 54 91
16 71 71
67 29 64
28 59 68
88 61 55
18 64 59
62 36 78
24 20 91
5 25 87
88 44 68
10 60 79
40 53 91
61 48 81
16 69 70
90 75 52
96 86 97
75 18 55
21 57 88
67 15 74
30 94 70
1 18 79
53 24 60
76 100 88
25 63 74
49 100 54
43 26 55
65 9 93
17 40 58
72 84 94
32 13 90
44 62 65
14 74 67
17 59 90
69 74 88
96 78 94
2 26 67
50 61 89
26 70 61
72 89 60
88 10 86
90 39 81
69 86 58
75 5 60
70 14 83
85 11 63
85 89 75
34 58 97
26 71 64
74 32 97
70 73 58
91 13 53
19 49 74
9 65 56
65 7 84
21 26 89
91 100 79
10 83 62
72 14 81
10 87 74
41 27 58
8 89 81
11 80 49
86 59 89
87 25 59
59 22 57
73 81 54
64 70 79
10 20 89
6 20 79
10 51 78
56 45 70
37 9 82
94 24 84
59 91 54
14 48 93
50 57 84
49 20 66
62 3 59
67 63 86
45 32 97
36 52 95
37 25 95
92 73 69
91 45 92
15 87 99
95 7 99
58 2 62
47 67 90
51 19 58
80 78 79
36 7 95
3 69 65
70 86 66
26 11 95
24 21 93
53 41 84
14 43 82
56 64 99
65 85 91
18 44 60
67 44 80
31 10 76
82 75 77
65 34 68
16 68 62
71 26 76
76 45 81
6 11 71
7 22 74
70 88 51
97 29 97
38 26 59
79 19 66
59 56 99
69 10 65
86 65 95
31 95 50
61 21 63
53 75 55
52 71 49
69 41 80
32 16 77
60 5 75
75 67 60
83 69 66
53 14 73
16 22 76
34 74 73
29 28 86
16 10 69
76 31 89
44 46 58
70 50 69
38 66 55
48 45 99
48 50 77
26 39 63
72 28 82
60 20 98
19 20 52
14 73 60
64 82 87
51 76 95
5 19 95
46 53 52
17 31 94
28 46 53
18 16 68
70 68 99
21 27 58
10 65 95
22 35 75
74 2 88
95 49 95
13 37 56
64 84 85
39 26 96
38 43 73
89 50 78
6 95 55
27 4 83
20 53 98
11 26 74
30 67 71
26 44 55
88 71 57
3 95 97
49 2 97
20 40 87
57 59 94
76 55 82
44 50 79
10 8 58
77 22 77
19 12 77
17 38 67
52 82 62
77 84 54
49 93 60
5 34 50
32 94 63
40 13 49
46 55 80
21 33 78
82 39 92
19 89 56
99 24 60
25 62 85
25 32 98
24 16 71
75 79 65
25 83 81
6 94 83
92 55 55
97 86 84
28 11 55
5 32 59
43 31 68
33 28 84
14 19 64
2 56 74
66 67 70
62 48 88
46 59 56
22 49 76
27 76 82
4 8 67
97 96 89
52 75 49
64 65 85
58 59 62
66 41 81
43 89 99
74 17 59
41 79 60
58 51 87
30 31 67
98 58 79
80 40 61
88 53 69
75 43 99
78 80 65
37 10 53
35 77 91
63 74 97
94 34 56
28 17 63
49 13 50
94 63 94
28 40 54
16 6 68
30 20 58
46 77 57
88 94 82
79 84 85
52 56 88
6 63 87
9 13 86
43 6 85
8 71 62
38 77 88
51 13 66
58 92 90
31 80 92
77 73 66
1 4 85
30 78 61
72 63 60
26 78 74
67 16 72
67 30 58
77 93 59
46 16 55
79 83 72
13 41 96
54 76 92
78 22 60
5 49 88
7 32 72
27 22 80
79 69 54
11 24 76
39 22 79
69 42 63
67 27 65
17 16 81
38 9 80
7 15 99
14 12 50
84 24 71
52 92 68
82 80 60
21 69 76
34 8 62
68 84 80
50 1 66
54 72 61
54 69 80
83 61 95
27 77 78
87 73 78
32 49 72
60 78 61
47 21 57
92 34 96
17 2 73
38 24 95
100 37 54
79 97 71
20 46 67
81 69 86
15 32 95
91 2 50
52 91 53
64 74 94
83 21 55
69 14 52
58 90 53
1 13 57
100 24 59
81 93 71
56 6 67
24 28 86
9 19 80
39 61 59
52 85 68
34 10 51
13 73 92
16 30 73
53 66 56
41 74 67
69 48 61
7 71 79
55 74 52
63 3 98
28 63 96
49 10 56
68 88 69
11 43 81
7 36 96
7 24 94
40 86 93
39 5 62
32 1 98
48 16 51
50 43 59
20 90 73
63 73 49
85 95 69
67 87 76
68 77 82
31 86 77
5 21 91
16 54 85
44 20 84
54 46 59
60 31 89
84 28 86
90 70 91
32 92 58
73 50 56
86 88 54
3 44 86
47 69 78
33 74 89
49 15 52
54 61 97
13 10 92
33 50 56
33 23 84
37 95 92
52 77 71
69 68 64
89 17 79
90 6 51
80 87 49
34 76 57
84 77 86
46 100 97
81 50 83
16 42 83
9 43 74
65 19 69
38 74 53
56 37 75
39 40 99
1 25 65
100 74 93
57 92 97
34 79 85
72 22 68
46 20 66
49 72 83
35 4 64
40 68 71
60 29 89
98 4 89
45 91 74
74 19 74
92 86 95
62 70 53
48 90 88
21 58 93
53 20 77
66 20 67
33 27 56
74 69 69
56 13 70
64 6 97
96 3 91
42 66 72
54 89 89
67 61 58
71 81 99
48 88 68
19 1 92
69 75 74
7 99 70
37 67 93
45 36 57
97 62 52
44 23 73
26 100 66
7 92 71
60 72 97
81 56 51
83 74 85
6 28 80
70 62 49
78 67 54
98 85 76
43 76 89
58 30 51
40 11 76
48 76 77
8 12 63
22 65 82
47 66 81
15 49 76
54 97 72
44 79 77
75 90 79
82 86 60
43 37 75
17 63 85
53 4 60
99 71 56
94 80 91
54 94 57
71 69 81
87 81 66
44 38 62
44 21 55
97 77 91
61 60 80
1 34 66
28 66 50
67 22 76
75 78 96
70 67 95
100 77 85
70 7 72
42 95 80
58 66 57
78 71 50
41 98 62
72 15 84
57 79 65
82 21 84
49 53 61
88 52 86
13 74 68
61 92 58
81 83 87
58 95 83
39 37 87
2 100 50
93 68 84
20 66 50
93 12 78
69 12 83
37 63 97
64 53 67
67 39 71
41 68 93
14 29 52
72 9 58
90 51 59
89 57 72
8 82 64
76 85 49
89 60 71
24 14 65
65 100 50
34 37 58
50 98 93
82 62 93
69 67 99
28 2 50
63 14 97
91 30 73
36 89 75
1 64 83
9 89 92
37 84 56
65 17 93
84 23 49
40 89 87
9 3 52
64 57 63
65 66 84
75 84 60
88 89 49
3 37 86
90 81 61
58 97 62
77 18 73
19 25 77
4 1 69
76 78 50
75 69 49
38 59 60
5 64 58
37 18 90
61 52 91
19 74 90
57 99 73
51 77 61
98 14 94
12 93 88
45 77 80
51 41 80
35 17 68
99 19 70
63 39 90
48 92 57
45 65 54
56 9 66
95 72 57
54 58 75
68 42 54
72 77 83
27 61 96
30 26 85
5 78 72
51 88 84
72 69 58
78 14 94
88 57 90
7 79 71
29 98 81
96 93 92
82 76 63
27 28 87
76 66 56
29 51 86
94 42 64
81 72 68
36 20 85
41 29 82
94 82 52
93 32 67
90 26 96
1 26 79
43 19 85
91 12 70
17 99 92
55 81 67
75 96 68
55 26 59
9 26 57
19 90 73
29 73 95
18 74 86
78 70 81
94 9 77
9 56 59
24 5 75
80 74 66
76 14 66
39 51 77
23 40 99
34 27 78
47 10 79
8 58 88
16 93 88
89 55 88
4 10 49
3 7 89
95 25 60
18 27 93
9 48 83
67 28 87
90 65 88
33 45 72
13 52 81
90 100 52
33 25 80
50 62 55
41 17 51
67 82 76
95 80 95
42 23 55
8 37 93
97 66 67
17 83 68
97 65 97
7 28 88
35 34 61
100 58 54
50 53 87
93 72 79
100 43 88
47 14 60
37 91 89
38 88 80
1 30 64
98 81 55
29 78 55
20 61 72
82 81 52
51 1 54
48 65 61
13 31 55
7 41 91
18 45 53
71 38 62
71 89 96
8 38 66
54 37 58
58 24 71
76 46 99
20 42 75
85 45 83
50 60 53
51 23 81
62 54 71
76 49 84
35 27 70
21 5 91
89 45 95
100 30 96
22 18 59
31 22 53
86 15 79
1 8 57
77 66 70
34 62 99
11 18 72
53 13 89
31 62 61
49 83 86
75 94 74
34 1 52
32 8 57
6 93 85
29 82 50
39 8 55
72 79 62
79 25 62
79 52 97
13 6 79
51 49 90
8 49 81
16 35 76
100 90 60
4 22 83
28 71 75
70 42 60
49 97 74
80 12 56
24 84 68
68 8 60
82 44 87
25 35 65
87 11 80
100 81 80
27 48 68
42 54 56
35 40 90
59 45 82
65 75 94
52 51 84
72 65 64
69 20 77
58 32 57
92 53 73
4 68 90
77 32 98
48 75 92
90 44 49
15 85 91
3 13 97
33 5 68
28 36 96
97 80 50
52 80 75
4 28 87
35 61 62
51 70 74
70 16 95
42 91 82
19 41 88
35 20 90
55 66 84
65 96 52
52 78 86
89 29 81
69 36 98
51 85 77
22 86 93
23 51 72
31 60 99
43 34 84
80 1 73
66 31 94
53 31 80
42 8 50
80 93 90
72 60 55
44 9 90
1 24 50
39 97 67
68 90 98
30 33 66
39 59 80
13 84 68
15 1 56
71 43 85
77 23 89
12 34 92
13 33 94
71 40 81
74 85 76
77 91 60
87 20 74
21 60 49
66 34 97
14 49 63
38 4 64
18 62 59
62 17 82
25 78 96
79 12 61
4 94 54
14 27 78
21 86 77
10 76 67
19 34 98
23 39 57
86 85 72
10 3 67
75 46 49
70 92 82
81 53 97
48 64 51
55 87 77
12 50 82
66 18 86
52 33 84
49 19 81
46 58 59
18 55 98
42 74 83
34 17 81
61 99 61
17 42 69
59 97 77
60 22 57
41 20 60
22 51 76
16 96 76
12 39 55
10 88 84
68 54 97
88 77 59
86 36 81
22 59 72
40 44 52
98 59 79
56 75 54
80 54 92
95 30 92
85 68 53
18 78 50
61 40 85
92 24 62
46 2 65
47 55 66
51 84 99
2 31 61
66 28 70
77 78 92
52 55 74
48 26 97
84 64 60
39 83 99
85 34 87
75 97 56
1 11 60
33 98 88
50 36 80
84 50 65
46 84 57
18 15 91
70 8 53
38 98 52
75 40 94
43 28 77
6 61 83
43 11 74
82 33 74
67 40 79
31 46 59
62 93 99
40 62 65
19 29 81
64 37 66
63 21 95
2 71 50
24 54 77
6 68 80
43 21 84
2 15 86
25 39 53
57 21 62
52 57 73
38 76 50
14 4 60
81 25 94
37 48 72
18 17 54
85 99 77
4 7 55
64 5 49
36 17 61
61 11 52
90 15 51
6 44 74
78 18 55
88 7 64
43 65 90
58 44 94
52 86 66
21 17 52
5 7 60
71 37 98
75 91 68
90 33 83
19 36 88
4 52 71
13 90 75
81 24 69
23 76 73
41 66 95
1 16 99
11 65 74
94 38 61
15 71 76
65 14 59
4 47 64
81 18 88
75 99 83
29 23 57
21 20 83
88 96 62
96 16 52
31 70 56
85 76 78
49 69 86
71 50 91
73 13 97
42 28 87
16 21 65
51 15 76
80 72 57
25 51 85
40 1 58
88 24 53
46 70 59
22 88 65
63 87 71
74 1 49
99 95 79
67 25 93
48 17 99
4 39 76
72 27 97
57 81 69
57 68 82
97 10 85
84 76 62
33 35 57
67 96 55
45 7 56
41 64 66
5 80 93
2 6 59
26 93 66
74 63 88
16 15 68
11 45 50
1 100 76
60 87 65
73 79 50
8 45 80
27 98 53
33 42 69
76 11 79
15 59 65
8 25 57
92 78 73
92 71 91
20 63 91
20 82 75
73 75 85
49 1 74
70 89 72
51 40 58
49 50 55
34 12 71
32 42 84
54 27 63
7 37 93
19 64 59
39 72 61
79 14 52
71 51 54
18 35 91
16 29 79
11 30 55
37 97 55
12 64 66
46 7 56
78 57 95
5 71 94
38 18 96
30 10 66
45 24 55
80 86 67
27 45 76
44 3 85
43 25 88
92 52 58
73 42 63
95 88 58
41 16 97
100 93 73
5 10 87
66 11 77
97 6 65
48 25 78
49 27 56
91 80 59
21 89 74
11 12 88
86 38 63
92 84 61
51 22 76
73 62 79
10 5 83
15 67 95
96 19 53
79 56 67
63 50 99
61 36 59
66 24 76
43 9 66
58 63 99
23 41 74
79 64 98
27 14 91
50 64 99
32 89 75
46 12 73
100 20 90
90 22 85
28 69 53
32 80 65
99 88 81
27 68 54
54 74 72
89 47 75
26 16 82
35 22 91
11 55 77
17 69 86
12 65 85
96 42 89
42 35 53
27 44 53
63 10 71
83 45 74
84 88 92
74 96 66
11 60 73
10 1 85
16 8 99
79 30 79
58 61 81
68 20 76
6 54 89
73 39 75
2 32 90
71 12 61
56 12 51
48 39 60
82 63 78
75 58 59
25 34 52
97 92 77
73 4 90
84 11 83
69 51 78
90 68 60
78 76 74
6 2 66
78 50 99
16 77 53
70 2 54
71 2 94
15 9 60
15 100 73
47 6 71
88 72 50
78 69 63
65 47 97
53 84 90
77 36 65
39 38 56
42 40 57
79 62 85
84 29 88
20 30 57
44 34 87
21 82 81
84 7 92
3 84 64
50 40 71
20 6 63
61 46 58
61 90 75
81 99 73
40 85 95
8 99 69
58 83 94
28 6 91
29 49 94
92 39 78
56 26 77
68 95 96
97 42 90
98 70 52
7 63 93
57 91 70
97 12 69
49 4 76
5 14 68
48 27 59
60 40 56
1 56 59
39 2 81
4 15 63
95 70 96
37 30 95
39 32 56
51 75 88
10 44 87
94 60 69
23 15 82
89 76 96
74 6 65
8 13 87
77 5 93
97 8 72
73 37 51
29 75 73
4 76 60
55 65 57
41 12 89
88 84 91
7 93 90
36 48 63
53 42 56
57 18 56
32 68 88
41 18 52
95 86 77
57 46 96
14 61 57
29 32 76
24 47 79
49 85 79
60 96 52
84 9 98
86 35 70
46 65 63
9 2 97
66 48 58
99 72 78
54 29 53
2 88 90
56 90 88
17 15 69
78 36 98
75 6 66
33 32 53
30 19 63
71 52 87
6 40 92
4 62 51
20 83 63
61 88 51
8 61 84
57 29 76
29 87 71
75 20 75
1 29 95
27 47 61
43 70 84
26 42 70
100 86 93
99 78 87
77 7 56
23 4 87
46 8 74
25 75 96
6 46 69
1 10 60
78 74 56
22 26 87
45 15 90
45 8 94
49 75 84
88 95 52
8 78 85
20 35 71
92 58 73
33 84 77
57 13 55
66 32 95
40 45 60
19 68 73
73 20 78
12 67 92
99 25 95
26 56 97
24 27 93
100 97 79
82 70 65
90 69 92
54 35 95
87 62 66
81 59 81
28 57 74
29 91 74
70 39 73
15 24 99
40 76 96
77 40 84
54 28 93
40 82 71
2 41 75
44 41 74
29 55 95
21 9 96
27 58 65
11 7 74
58 94 64
67 97 89
70 32 96
62 2 50
71 66 52
75 66 85
10 72 81
58 72 82
54 39 81
94 56 70
86 31 66
34 75 72
15 99 51
23 82 80
99 47 66
5 17 91
69 66 93
92 18 81
38 62 60
43 85 74
1 47 58
67 8 63
15 86 94
99 8 70
76 20 88
64 23 56
35 41 90
57 77 68
100 60 91
47 54 84
84 3 66
21 84 79
96 7 70
3 38 81
27 12 60
79 86 80
41 10 94
48 31 88
91 72 58
91 28 92
32 39 52
7 18 73
73 2 60
23 30 92
94 93 80
16 26 73
95 98 62
11 34 86
18 52 76
5 1 98
59 41 49
56 74 55
78 89 82
37 77 87
16 38 81
99 98 60
100 29 58
15 93 86
70 28 99
78 15 57
97 34 63
93 46 80
62 39 73
46 61 60
37 8 94
40 72 56
59 29 82
18 54 59
11 4 98
85 17 67
10 73 92
92 88 63
5 45 72
68 10 85
2 70 85
75 25 52
60 19 49
83 2 50
89 52 58
3 26 68
63 98 57
87 45 98
71 5 72
65 97 57
40 6 52
35 78 88
7 33 68
81 91 53
6 27 68
19 84 65
89 40 50
75 61 58
94 50 86
30 95 88
62 97 66
49 58 64
90 60 90
44 98 68
66 29 82
65 33 49
86 53 61
98 75 84
24 81 78
44 55 86
48 54 82
18 40 61
15 98 66
74 62 85
4 78 81
12 44 61
53 64 62
52 93 97
63 25 87
54 31 98
32 50 78
24 58 55
38 80 98
41 85 92
79 29 68
57 5 87
65 52 68
63 38 65
53 45 99
17 23 65
50 65 97
66 62 97
31 61 63
60 65 80
89 62 66
67 100 94
36 22 73
13 100 72
30 22 95
46 35 67
73 83 62
64 93 51
85 50 51
76 56 53
29 40 66
29 85 80
97 20 68
55 62 50
25 26 60
75 54 87
55 9 72
25 27 64
23 92 94
22 79 89
88 63 81
36 72 83
12 13 67
31 69 87
54 78 64
35 98 70
64 87 74
48 18 93
89 27 64
17 60 95
66 57 63
64 77 58
97 15 88
29 17 57
98 39 58
18 84 49
80 90 76
31 39 66
2 33 62
54 57 68
23 62 58
23 98 95
96 30 88
16 80 75
97 41 98
87 39 84
46 13 53
77 56 76
74 16 77
39 87 83
87 79 61
29 46 77
22 33 72
26 40 56
98 42 99
80 56 98
73 23 70
54 62 66
52 84 61
40 70 94
16 51 71
5 61 59
56 20 99
51 100 86
41 6 54
72 33 91
100 32 82
91 43 64
100 46 91
6 66 95
72 16 75
95 12 74
3 15 63
10 18 80
64 34 72
28 22 86
70 23 98
25 33 58
70 22 96
91 7 83
6 31 97
65 69 91
33 57 66
76 34 78
83 100 95
9 7 68
84 81 97
98 23 84
47 81 51
18 26 56
60 55 92
61 86 56
26 61 84
46 33 55
20 54 73
33 78 85
77 97 85
63 68 84
36 35 63
51 46 67
37 81 57
50 92 75
89 18 96
83 63 84
75 62 74
65 86 62
23 53 75
39 31 79
37 42 81
62 99 99
47 99 73
2 34 91
68 98 54
36 95 51
83 29 96
4 45 92
70 12 65
65 56 97
4 36 68
96 52 70
22 60 69
9 15 90
7 87 57
66 35 95
22 20 63
22 5 72
88 82 75
9 71 81
95 48 92
48 7 50
59 68 90
48 61 62
39 9 78
35 7 76
8 43 49
12 45 85
64 30 51
9 8 79
76 39 57
30 25 68
55 71 61
86 70 52
67 64 96
95 37 49
80 68 91
93 8 63
78 10 59
64 1 81
78 38 56
29 86 77
70 97 66
99 59 99
8 41 72
68 81 51
31 96 50
42 83 62
24 15 76
60 49 57
76 75 95
26 87 94
71 48 93
30 99 49
54 63 93
35 1 55
62 11 81
71 75 79
27 5 52
52 60 72
9 80 85
24 45 81
82 32 66
82 20 74
8 51 97
49 34 80
48 99 71
95 89 66
67 84 59
40 3 58
46 24 94
75 22 66
17 26 57
76 8 58
67 4 60
15 58 98
1 46 63
89 30 56
67 32 78
66 22 91
34 89 84
6 51 96
33 85 68
67 51 52
15 97 83
56 7 99
73 74 80
56 63 72
70 9 85
75 82 72
31 11 67
37 2 49
29 90 87
70 31 85
5 97 74
33 60 76
20 51 71
34 60 51
83 82 94
40 97 54
56 81 89
90 16 66
27 83 52
39 20 90
85 69 58
63 22 54
30 50 81
44 43 72
59 74 93
42 99 68
77 25 65
4 49 81
10 99 63
35 49 74
89 22 52
74 52 87
41 3 74
70 59 91
85 73 65
17 70 53
68 40 68
83 37 76
93 30 95
91 15 64
81 55 78
97 73 50
86 6 99
21 100 79
2 79 95
39 18 85
36 34 75
77 27 88
40 90 73
10 39 73
91 71 92
17 45 71
48 68 63
49 79 72
31 36 79
53 49 72
64 92 72
57 65 52
82 100 93
41 26 78
62 55 96
86 78 93
78 95 79
27 13 60
96 72 87
76 58 59
99 21 84
12 83 69
60 62 89
71 42 83
98 49 83
91 60 55
19 71 81
40 56 90
6 42 75
84 95 50
15 91 54
60 15 91
20 32 51
29 47 69
55 75 59
76 2 67
77 54 72
100 21 95
96 25 57
62 73 86
32 55 74
72 92 49
66 37 66
64 48 85
1 87 61
100 40 59
65 63 97
13 76 58
79 70 55
28 96 55
99 34 96
59 84 85
96 39 76
53 97 85
15 48 84
87 76 53
97 23 78
92 66 81
5 69 68
31 28 93
89 81 90
25 61 73
31 68 74
16 5 99
56 50 59
64 8 74
92 46 51
28 33 92
29 74 55
91 36 76
46 42 98
73 65 81
59 89 69
52 24 94
81 58 55
25 7 76
62 13 90
8 94 59
44 45 75
55 67 85
69 29 76
22 36 99
93 62 78
93 36 96
58 56 67
10 78 76
14 23 88
92 97 83
87 18 51
66 10 77
75 2 54
36 27 86
83 50 88
92 68 77
62 89 63
47 65 77
48 95 67
47 29 56
93 45 94