101 10000
77 92 67
43 18 73
6 70 33
2 95 1
84 77 28
62 98 74
29 7 77
24 21 59
98 6 17
28 58 20
2 96 5
64 29 48
1 62 90
39 81 25
70 42 94
80 52 5
67 1 45
13 24 2
79 49 69
94 7 75
9 62 99
44 42 20
82 48 91
20 85 32
49 9 95
52 92 55
59 19 24
25 91 49
29 54 36
42 22 15
38 51 96
92 28 84
63 31 25
41 3 81
94 100 94
67 22 15
16 16 5
57 48 72
33 16 59
23 97 3
91 31 2
51 67 29
100 62 35
39 23 27
71 43 17
44 23 59
45 48 54
64 68 12
13 34 31
58 97 32
50 61 2
31 49 100
27 92 87
37 9 69
15 20 34
57 41 34
19 88 31
11 67 46
6 84 21
3 21 35
23 50 87
44 17 53
88 16 48
30 20 73
12 50 35
36 33 31
75 5 59
23 73 31
65 75 99
11 87 7
16 55 64
42 5 44
63 34 92
46 5 23
4 5 51
50 47 53
92 28 26
45 68 25
5 87 93
40 67 41
65 46 85
13 9 84
9 22 18
2 7 70
29 40 48
90 25 14
32 32 33
78 26 49
38 94 69
85 7 49
39 9 100
71 2 21
99 70 88
61 41 60
92 85 42
48 64 98
19 97 9
27 46 12
12 33 23
40 84 1
6 62 61
52 15 19
8 66 38
92 47 32
73 77 66
81 70 2
84 60 53
40 3 27
66 60 98
91 73 42
61 9 15
81 63 12
74 61 50
43 80 75
28 29 100
100 89 52
45 13 25
48 11 68
80 92 3
46 7 44
80 65 22
9 84 33
45 4 85
8 94 59
46 4 69
21 68 86
54 4 23
95 84 57
74 91 22
92 96 93
27 44 58
26 60 39
29 77 15
51 68 3
50 98 92
25 62 17
71 50 90
85 13 3
82 54 49
22 27 20
82 44 22
83 8 87
94 39 21
6 47 35
11 65 74
78 93 12
99 47 38
54 64 95
11 30 47
95 32 47
76 28 26
9 28 68
87 13 20
9 73 86
23 100 100
29 35 93
68 42 17
96 11 83
26 27 92
17 42 14
9 94 7
59 70 71
67 87 8
44 65 13
68 9 75
96 25 7
4 56 92
3 98 42
88 98 8
38 61 8
95 61 21
89 32 54
21 65 64
40 60 65
50 26 49
26 10 15
56 44 18
35 75 44
64 17 41
57 11 34
64 5 27
70 28 7
58 84 18
58 51 67
64 99 62
61 78 41
76 25 91
5 16 87
21 75 34
33 52 40
53 33 35
64 33 23
32 20 55
83 57 10
6 76 1
27 71 31
53 20 87
47 83 24
9 26 13
69 62 44
10 18 67
4 52 19
68 68 12
49 37 96
94 43 99
23 35 31
63 3 96
96 82 20
71 37 9
75 55 70
65 49 45
31 81 61
63 35 47
62 98 72
83 7 44
56 32 86
56 66 68
64 72 27
81 15 68
64 86 70
29 34 28
89 37 67
6 65 59
78 90 69
46 83 58
49 82 67
24 69 35
85 99 13
52 48 69
30 62 70
51 76 72
6 38 57
4 70 99
98 12 30
76 31 59
44 28 83
70 31 80
62 13 18
14 40 80
91 37 79
31 68 16
25 87 46
25 2 68
72 39 55
26 6 39
50 45 95
63 39 26
52 2 68
47 18 31
98 94 6
61 21 57
54 98 29
84 52 86
37 5 15
66 78 26
23 43 22
61 28 36
10 43 45
82 37 68
73 12 7
6 23 93
38 54 60
84 90 8
73 71 21
54 26 44
28 56 40
81 89 15
66 55 39
94 69 96
92 71 17
82 16 42
82 81 80
47 78 83
73 64 79
40 87 71
42 10 9
1 89 20
77 56 34
58 99 8
70 19 97
96 42 14
64 52 43
37 12 9
55 24 95
99 65 64
7 39 11
91 16 77
98 73 69
18 58 18
7 40 82
19 53 65
55 2 47
89 6 2
36 60 62
100 26 82
48 63 22
23 48 32
63 13 36
37 76 45
58 1 31
15 81 51
46 73 31
5 47 67
43 89 46
69 96 58
62 10 50
56 98 94
72 27 26
43 9 30
50 16 100
71 6 100
63 22 82
26 100 18
34 65 69
40 66 5
50 72 38
87 20 46
27 97 73
17 1 78
79 97 36
22 69 48
94 47 46
10 4 69
2 77 30
7 29 57
52 45 100
80 30 21
63 43 45
24 65 37
70 43 6
55 34 51
54 66 99
58 39 5
87 61 44
45 93 63
88 38 33
92 76 67
80 84 44
78 46 7
36 13 57
33 33 63
34 33 82
40 4 59
32 76 100
3 22 60
57 42 18
11 7 18
24 49 85
15 100 6
85 31 23
31 49 13
58 27 36
89 99 36
10 8 80
22 7 55
15 53 86
87 29 79
66 100 43
92 55 22
10 39 1
24 76 15
12 66 67
76 7 81
45 38 90
84 48 99
63 48 52
94 32 38
1 98 67
70 15 47
70 1 58
74 93 45
6 76 100
6 33 14
8 70 45
91 29 43
16 21 74
44 81 92
72 13 91
75 25 47
69 47 23
67 58 96
13 61 18
48 75 15
6 66 17
20 21 74
34 85 88
38 55 30
81 8 20
51 28 95
4 79 63
32 26 45
78 58 60
67 56 32
37 71 98
70 5 67
41 54 22
65 62 85
20 87 37
20 57 57
73 35 89
62 2 79
73 24 49
97 16 44
12 3 28
81 65 94
45 11 27
15 70 49
43 86 50
37 19 90
96 5 59
13 75 28
16 88 48
66 94 4
75 43 51
40 45 53
66 1 85
29 41 88
2 48 69
74 81 53
60 76 17
27 82 73
23 24 39
76 85 28
23 7 98
83 22 98
36 76 42
80 49 25
34 46 39
59 91 10
2 29 50
10 72 18
84 56 40
19 91 21
42 5 34
95 42 100
71 42 27
32 58 14
99 62 22
100 82 100
48 94 49
62 48 73
53 87 10
45 43 51
26 85 52
88 69 59
96 79 78
15 39 73
85 90 79
93 86 51
7 51 65
49 7 76
3 4 76
66 82 14
23 42 58
6 41 73
50 73 20
7 23 51
72 57 74
61 44 53
41 95 65
58 53 77
72 93 97
18 20 31
81 12 49
92 72 97
51 3 65
56 24 65
30 22 68
60 97 16
80 84 77
31 100 48
84 17 51
32 41 3
55 56 62
90 5 21
12 17 3
39 63 32
6 66 70
26 15 5
44 7 60
92 69 60
77 40 63
52 12 71
2 26 94
13 78 55
34 28 71
39 46 66
59 17 54
77 38 93
30 36 33
61 40 66
38 10 66
12 8 79
92 70 71
11 73 93
11 23 85
70 44 10
39 93 30
94 100 99
52 4 82
29 92 98
27 91 76
93 41 74
81 8 64
12 100 75
61 85 63
66 79 90
79 3 38
30 32 76
11 30 26
43 8 47
68 37 6
33 4 24
43 89 11
60 70 40
44 17 10
11 37 20
83 55 71
89 31 17
69 40 4
5 23 59
68 26 34
15 63 39
7 44 17
43 86 60
20 4 42
20 66 55
96 57 2
49 61 93
56 35 55
89 54 78
31 15 48
19 54 12
13 30 49
25 98 68
62 23 3
20 76 50
66 57 41
11 37 96
10 34 34
96 55 40
22 11 22
16 24 68
66 54 2
45 16 59
49 20 100
80 77 64
83 73 81
53 26 32
11 64 96
19 91 14
96 80 81
56 94 26
47 16 39
35 35 69
13 52 57
43 63 70
94 60 55
37 80 38
32 100 21
59 76 89
92 71 6
53 8 15
2 56 27
93 48 70
63 98 62
34 64 31
60 21 41
80 29 99
99 55 12
59 20 40
3 84 74
16 51 39
91 75 31
19 17 49
83 58 75
7 94 76
32 10 75
86 93 92
77 73 84
50 78 24
27 88 30
14 77 51
73 71 58
63 66 78
6 47 80
29 58 78
74 18 38
30 86 21
48 18 66
87 60 40
8 61 1
94 65 63
91 59 88
71 91 45
85 52 64
90 78 10
9 27 16
75 52 64
20 42 40
35 60 67
28 1 14
48 54 73
21 23 91
63 90 11
83 15 66
64 95 82
31 74 28
72 75 99
84 62 27
29 91 18
86 39 63
36 57 48
10 21 6
9 6 38
64 37 74
89 12 32
85 44 78
15 62 29
83 66 35
12 11 17
74 73 40
19 67 61
5 32 2
93 100 66
70 11 61
15 76 98
55 61 38
45 39 100
23 34 35
47 80 100
2 80 49
44 58 33
58 15 71
79 52 25
36 75 96
96 24 79
95 17 95
55 1 65
51 69 99
85 97 76
71 30 2
68 72 45
18 66 31
61 20 29
51 51 9
50 5 91
65 88 54
63 22 24
56 99 9
87 10 10
73 78 30
62 14 1
14 50 45
13 77 29
14 47 85
55 68 15
71 90 52
74 27 74
11 47 69
31 65 67
92 66 48
48 79 92
73 51 26
27 83 53
21 83 19
73 16 81
4 89 89
32 88 62
85 41 80
76 34 1
40 71 87
22 73 66
71 31 77
99 54 93
10 37 37
25 2 54
50 90 37
71 14 1
60 64 47
72 14 93
24 12 52
15 42 95
62 71 82
1 89 63
81 83 2
47 27 25
28 17 56
51 82 22
90 35 5
61 88 49
13 66 58
62 72 63
28 40 5
9 74 91
23 83 35
53 49 100
33 92 14
52 49 8
89 82 93
52 4 56
10 19 26
98 32 90
10 95 42
83 100 2
93 40 2
94 57 55
50 44 10
53 3 60
64 49 32
71 30 65
29 89 53
22 5 65
82 35 79
47 32 78
89 4 34
81 59 92
56 41 73
30 27 70
38 40 74
18 55 100
42 54 39
90 34 76
53 97 86
3 10 68
46 52 83
51 74 83
1 52 90
88 84 43
90 93 22
18 2 8
53 32 91
27 85 6
69 84 61
30 94 59
23 59 67
22 23 47
61 78 65
9 93 70
51 79 53
42 37 78
56 27 87
94 99 4
14 30 99
94 54 10
12 19 94
81 59 38
30 71 44
59 90 28
53 70 10
53 92 36
98 47 29
85 79 39
89 85 38
54 44 7
6 64 40
75 52 100
47 70 9
35 71 38
25 66 39
97 14 18
99 86 47
13 84 45
23 31 28
22 29 30
90 14 33
62 55 100
18 49 39
65 81 23
92 98 92
1 95 75
87 54 65
26 12 43
19 7 27
91 25 34
70 43 25
25 59 38
74 6 45
96 8 40
95 16 18
63 88 18
63 45 21
31 21 29
10 51 64
47 45 95
34 45 85
14 84 42
42 33 76
26 54 24
44 17 9
42 56 14
52 71 92
6 73 19
58 38 6
33 43 32
18 69 12
1 68 80
5 42 11
22 72 93
91 46 100
13 28 37
49 97 92
68 42 84
11 66 7
87 31 84
5 74 3
13 94 68
92 3 56
13 26 52
42 8 44
8 86 96
9 9 32
7 79 84
79 61 30
54 33 25
41 22 25
67 59 87
17 56 77
46 81 91
30 92 36
73 15 83
33 86 56
1 67 82
10 85 99
11 41 9
62 72 76
31 3 42
30 90 48
76 54 3
25 59 94
36 19 38
33 13 68
23 94 1
66 12 89
44 22 55
7 24 34
79 3 78
62 73 27
82 86 96
48 54 82
97 21 10
50 22 83
28 28 40
82 63 98
5 12 77
57 85 85
100 80 2
81 47 91
75 48 78
28 72 70
15 43 42
75 84 42
30 59 17
68 1 45
20 75 87
74 59 70
79 28 92
52 17 79
32 19 61
51 79 88
58 61 91
29 42 16
61 71 92
79 15 100
77 20 67
83 96 64
40 56 4
20 28 86
30 40 30
51 55 52
46 8 69
25 4 81
78 34 92
4 65 73
28 15 93
29 33 15
17 50 99
11 24 98
11 43 41
36 37 63
95 13 95
88 32 25
24 100 98
1 30 61
74 72 82
14 95 35
57 98 60
64 94 8
90 13 11
36 74 6
4 56 20
85 6 13
69 66 87
70 51 89
37 62 63
20 77 79
16 6 10
71 75 32
97 68 80
2 73 93
29 38 41
68 8 76
29 22 25
52 57 61
38 25 88
2 39 17
54 56 21
56 64 78
68 48 61
10 2 63
86 6 42
31 14 80
78 79 91
49 31 67
98 40 26
88 69 74
59 37 48
72 12 73
93 48 59
67 17 36
97 61 24
62 51 48
21 75 76
22 6 95
8 40 20
72 27 3
64 86 47
71 21 9
61 1 64
32 70 86
53 15 83
95 22 100
67 3 36
1 80 26
52 73 2
1 88 25
73 71 78
82 47 18
18 27 57
74 85 12
53 32 79
75 62 84
5 27 49
69 13 55
54 72 34
42 68 55
60 31 9
84 21 20
67 1 76
11 73 13
99 18 96
97 49 59
33 45 61
47 98 75
64 51 87
80 16 100
22 54 62
59 93 25
40 68 27
13 33 45
16 70 25
80 76 50
55 61 30
3 11 52
10 95 44
73 52 25
12 86 76
52 95 66
6 44 30
3 21 95
14 87 97
81 73 69
47 31 93
93 45 65
59 63 9
88 100 74
98 81 6
46 89 3
43 86 4
66 64 73
36 68 75
39 66 26
9 93 48
33 99 81
2 13 18
82 42 23
73 70 65
16 85 18
40 3 37
22 69 91
2 54 72
94 91 48
3 52 43
67 38 77
13 40 5
12 85 30
46 25 41
81 71 57
32 8 54
31 70 77
47 8 74
23 96 88
43 89 8
17 37 100
99 33 21
78 92 27
86 78 82
68 73 20
34 40 29
43 52 54
77 8 16
17 26 76
16 55 88
16 67 91
41 6 88
29 94 30
69 20 44
19 28 76
81 39 23
39 25 21
69 67 58
62 58 97
12 10 54
86 85 63
37 61 19
51 95 87
49 40 50
83 11 20
51 10 81
58 18 20
69 70 71
36 3 61
53 13 49
83 77 52
10 24 46
39 50 52
62 95 49
28 13 94
9 18 99
51 49 52
47 22 81
50 41 14
12 14 14
91 36 82
57 91 2
39 60 58
12 3 66
26 38 36
31 12 16
77 54 78
73 80 65
57 19 8
56 33 22
89 99 17
93 52 72
71 28 40
32 21 22
52 71 48
48 63 94
29 4 35
4 37 86
95 19 6
48 72 24
74 97 8
50 14 4
90 56 64
10 3 93
4 83 22
2 38 81
41 38 95
46 33 87
85 98 50
21 59 30
14 60 96
48 72 55
63 48 22
63 32 95
89 12 3
100 48 94
31 35 58
93 80 47
79 72 13
19 10 27
18 91 100
25 48 4
75 42 22
13 46 66
99 53 68
57 80 2
22 97 7
33 7 42
51 80 49
52 3 48
5 71 95
67 84 57
71 50 56
98 14 83
86 28 2
89 64 90
97 9 64
3 46 39
58 28 20
38 35 91
78 30 2
77 85 34
5 76 69
99 79 49
79 34 75
77 58 71
67 9 76
82 45 29
49 96 89
88 87 47
62 73 38
12 63 13
14 29 17
34 70 59
42 56 41
73 80 77
60 44 76
70 75 94
13 32 44
33 30 62
31 20 43
93 91 71
81 14 30
8 14 65
38 94 4
42 27 70
31 62 96
1 58 72
19 87 78
44 98 89
81 46 51
4 10 8
10 57 79
71 68 26
98 44 30
17 73 26
57 17 99
5 16 65
94 57 86
60 97 27
88 36 84
41 97 17
81 31 29
59 94 70
19 85 30
58 49 86
98 5 7
89 4 61
92 73 69
78 15 85
68 59 25
37 31 64
59 60 27
46 79 37
21 49 25
8 78 62
69 75 52
98 93 52
89 14 87
36 17 49
33 20 39
54 13 88
50 20 28
20 5 34
92 87 76
93 43 25
28 72 54
93 78 59
77 34 6
60 17 99
93 49 43
33 21 10
81 1 62
69 42 21
11 8 24
19 7 37
32 27 77
82 5 65
14 29 72
76 62 73
13 14 37
7 28 4
10 7 24
12 46 95
82 50 98
77 73 68
48 4 75
23 50 81
46 65 18
33 60 77
27 60 77
54 56 60
59 59 38
92 27 37
55 42 78
41 42 54
36 27 30
45 7 16
74 25 80
23 21 34
91 3 41
96 94 17
93 3 31
9 13 40
69 3 50
83 80 71
62 11 3
70 17 78
87 62 63
16 18 83
9 62 31
33 88 75
97 79 6
16 56 25
25 5 42
56 86 20
27 99 92
93 92 64
4 61 100
58 1 69
7 16 46
22 76 65
100 13 64
69 67 14
27 18 88
27 98 50
73 66 23
91 62 42
47 45 5
27 78 7
84 19 67
85 43 16
34 25 5
87 75 96
11 71 10
76 45 62
35 64 19
3 69 73
45 22 72
48 17 12
40 97 96
43 21 88
20 72 22
100 68 66
18 98 34
81 33 83
21 89 34
67 86 24
34 64 51
37 53 30
5 71 84
34 89 32
28 52 9
3 75 79
51 27 42
95 44 62
65 29 10
70 57 92
43 19 96
21 2 47
84 48 100
31 84 68
47 81 98
4 75 20
45 20 17
62 53 26
92 58 98
37 59 86
65 94 36
82 62 11
78 50 46
82 34 95
73 5 60
17 16 37
26 49 32
30 90 4
33 6 16
79 47 86
11 49 18
8 59 14
76 32 19
20 66 43
62 22 10
72 66 17
85 66 18
89 4 75
90 30 53
58 75 24
34 87 66
51 88 82
94 59 58
78 39 15
70 25 8
24 76 84
61 14 69
15 53 80
86 9 90
7 91 6
99 51 84
29 24 64
96 14 46
25 74 70
34 45 7
55 21 69
84 26 78
34 66 86
47 33 28
57 7 5
57 74 38
79 53 35
67 83 100
94 42 7
22 46 62
49 72 99
70 69 84
94 27 15
7 35 4
27 69 35
1 2 10
96 20 98
41 33 13
36 22 56
8 37 70
92 94 38
47 4 36
86 80 60
30 79 62
5 17 11
99 54 87
34 63 55
2 56 57
77 50 83
67 79 79
23 11 61
74 19 18
53 20 61
78 10 83
59 76 12
73 35 35
55 82 46
82 76 53
31 3 88
37 9 24
21 94 20
21 40 22
67 41 18
65 74 12
77 18 6
25 29 23
67 96 85
1 31 75
6 15 92
23 99 6
97 93 28
22 98 35
48 36 85
23 95 12
52 22 59
24 76 35
76 28 80
65 68 55
68 54 52
40 94 5
30 66 66
8 66 59
23 69 79
87 32 21
63 85 94
7 5 49
63 21 99
11 16 40
48 90 72
75 36 68
25 96 47
70 51 7
11 31 75
32 60 62
92 65 35
53 47 75
25 31 70
44 3 41
47 75 27
31 38 64
21 95 89
27 85 25
51 23 30
47 37 79
25 8 76
8 83 32
40 43 19
84 21 32
88 86 8
97 26 33
81 17 61
61 95 67
86 39 16
68 67 47
22 84 87
11 73 67
55 93 95
54 71 47
25 79 56
68 33 62
98 45 32
50 59 66
32 90 45
10 12 94
12 81 42
23 65 35
23 37 30
27 91 69
86 91 83
12 35 71
42 53 2
4 4 50
1 1 11
76 63 90
89 1 41
76 80 35
33 96 78
17 82 86
52 67 27
66 55 5
66 79 75
72 20 84
28 7 76
71 8 42
29 4 99
76 68 55
41 65 1
54 12 74
71 37 33
8 62 75
55 4 93
67 13 71
25 20 7
85 8 51
100 34 100
51 46 6
80 27 32
77 76 11
27 85 68
35 82 94
54 56 84
7 28 12
16 36 10
93 19 53
48 47 27
43 46 86
79 66 71
76 27 22
10 71 25
28 53 93
94 96 55
49 74 53
9 84 87
45 5 80
67 97 3
37 56 63
62 37 55
34 71 78
22 31 5
45 26 96
58 65 9
61 2 74
70 55 89
68 95 90
95 91 4
71 95 99
97 55 14
84 77 78
26 65 35
4 81 70
28 27 8
75 11 20
26 54 89
13 24 40
29 74 44
21 76 59
5 41 43
98 96 48
3 71 21
10 52 25
93 74 34
55 99 85
60 46 10
46 23 55
86 28 59
67 20 25
77 88 32
55 69 88
92 9 94
18 8 13
90 51 24
70 3 21
73 98 8
70 47 34
30 64 28
5 78 21
8 51 51
86 37 35
99 48 13
91 44 28
54 38 69
72 32 40
72 89 82
41 97 91
64 95 81
29 90 1
40 68 88
45 72 5
71 89 65
100 73 12
58 59 54
13 77 65
38 44 90
75 25 41
7 57 30
80 66 20
5 98 33
9 95 3
11 5 1
7 49 1
18 15 21
41 76 11
82 61 31
1 51 89
92 75 56
45 54 22
61 38 69
90 26 100
11 81 51
6 98 74
4 12 64
87 16 83
5 54 18
32 62 41
60 49 13
45 38 25
12 19 50
69 10 22
62 82 51
12 73 29
4 51 89
39 3 82
26 79 78
99 15 71
43 27 57
8 42 91
23 71 45
91 81 1
68 71 81
88 72 55
43 39 100
90 64 70
47 93 55
90 29 88
94 61 78
43 85 97
21 48 51
71 77 20
29 96 47
27 5 73
1 38 10
85 76 91
7 38 97
31 55 8
9 25 47
77 51 38
40 68 34
2 51 62
25 17 58
8 99 53
68 49 44
61 13 11
23 100 20
30 34 75
64 94 13
65 89 12
56 19 85
62 76 48
89 16 93
2 48 36
56 73 28
34 41 6
52 92 26
70 90 100
30 79 49
65 26 71
39 80 79
36 98 24
59 75 30
87 85 13
38 44 65
100 41 32
9 49 73
20 55 36
37 60 96
10 92 79
12 67 97
63 100 13
80 72 3
46 54 20
91 50 49
11 12 50
26 70 27
81 63 82
29 17 2
44 92 84
59 96 84
98 91 81
65 9 67
67 51 57
49 38 19
9 9 18
5 9 46
77 47 92
30 97 20
63 41 76
97 89 34
19 64 66
29 51 46
34 99 1
23 41 67
42 43 51
68 75 38
80 4 39
4 86 92
61 22 74
87 84 27
68 66 31
23 79 48
40 67 90
33 1 27
8 54 22
56 95 11
29 29 43
67 16 13
70 84 39
70 60 81
7 100 52
1 15 56
97 21 82
35 47 56
32 96 38
21 85 50
71 30 85
6 19 59
31 72 78
19 59 34
44 54 86
85 22 85
16 64 37
62 91 16
73 82 10
65 28 73
24 100 32
93 67 98
18 90 80
46 43 96
98 47 39
45 42 91
96 99 46
25 15 51
83 64 73
25 49 96
4 60 75
36 25 40
91 29 17
1 83 41
44 81 27
32 63 24
14 83 44
53 64 11
93 8 71
6 36 37
42 70 100
34 20 1
74 31 13
68 2 26
14 8 69
35 8 4
75 61 17
59 76 23
25 21 8
67 50 61
83 97 18
98 49 71
61 99 81
19 85 33
66 66 6
77 19 63
92 12 53
92 49 60
32 71 7
27 51 35
62 53 54
93 6 73
8 49 99
69 20 22
24 5 72
77 95 9
44 32 64
15 66 91
48 67 9
47 82 56
99 78 62
48 84 96
16 33 64
22 27 29
87 45 86
2 11 49
62 70 5
48 94 47
33 54 76
13 78 64
60 74 16
18 43 5
21 78 36
64 28 12
11 79 24
19 53 11
66 87 73
12 9 71
51 85 97
39 59 93
47 28 29
58 19 99
71 68 25
57 31 100
4 89 28
77 56 63
86 67 78
2 46 21
82 32 81
33 44 96
98 62 37
51 38 2
75 37 5
47 82 24
14 56 81
44 53 97
55 77 76
75 6 95
80 21 43
6 62 17
7 52 1
1 36 70
92 73 55
44 56 59
7 46 44
23 94 8
33 53 94
5 24 47
17 61 76
23 84 55
73 35 72
50 52 72
23 100 18
83 98 23
44 71 99
32 30 86
90 56 3
28 25 2
8 65 4
85 24 89
40 70 7
42 37 94
81 89 41
77 4 61
82 82 33
48 70 78
5 51 42
91 75 63
4 5 62
40 29 7
52 22 48
33 38 56
41 4 96
9 49 36
53 43 89
2 42 57
18 68 29
83 25 88
19 57 52
91 1 93
24 87 50
62 3 60
88 44 93
50 43 16
6 82 34
85 76 6
86 60 65
20 17 5
93 30 27
62 27 88
61 16 36
40 25 86
18 8 54
11 39 39
14 59 40
44 51 92
31 99 23
10 19 57
2 2 2
10 59 84
4 81 70
73 48 25
57 81 90
29 32 33
84 79 99
15 1 86
84 29 73
25 24 95
44 36 81
70 76 15
18 8 19
97 88 7
98 28 60
73 22 62
16 98 84
67 42 28
11 42 58
66 8 17
79 16 44
91 19 6
98 58 36
78 21 97
15 60 3
57 59 26
89 48 72
72 33 16
3 40 46
39 80 7
7 20 54
73 57 74
3 6 66
13 96 96
36 15 8
28 37 20
70 43 41
34 81 23
92 46 3
12 40 23
1 65 40
99 15 7
95 80 83
90 34 60
88 15 22
99 30 63
31 73 89
53 30 66
31 83 87
1 73 50
14 27 65
10 84 80
39 55 18
100 63 58
24 6 79
5 47 66
10 6 40
82 16 91
4 67 17
75 13 1
46 67 8
48 23 7
48 33 8
97 91 48
15 66 89
21 7 98
4 73 79
87 26 81
44 56 73
67 93 5
13 46 4
37 71 32
13 39 93
2 73 96
40 84 49
52 51 49
80 66 98
3 49 73
39 26 41
91 71 28
100 52 11
8 94 1
36 50 59
10 14 25
17 80 36
95 39 29
53 55 100
25 27 63
37 67 3
71 99 48
98 4 58
57 10 20
61 61 37
76 35 2
45 1 88
83 82 26
67 76 64
28 15 100
39 24 87
10 31 38
74 47 10
56 87 8
88 24 32
94 26 56
40 62 76
34 23 3
63 59 47
44 82 61
70 50 91
77 58 46
34 67 53
100 6 7
28 88 75
53 26 89
20 44 71
91 34 69
36 89 73
81 3 81
3 7 85
17 19 86
87 56 16
50 8 4
46 11 53
64 62 65
83 4 96
73 99 33
69 76 19
64 83 51
45 14 80
70 90 86
32 7 97
41 53 57
33 83 71
96 59 34
10 4 84
10 16 95
50 5 13
4 30 6
60 97 71
57 96 11
58 98 33
51 12 54
90 67 13
51 37 85
7 42 12
20 28 11
83 34 70
48 65 99
44 52 4
80 46 2
95 52 14
32 61 20
76 37 43
16 34 74
29 1 22
18 92 84
82 57 22
74 93 27
4 7 16
78 55 96
77 10 45
65 31 27
98 94 70
91 36 59
44 42 77
27 83 29
46 74 47
42 9 12
2 88 45
56 52 45
6 12 77
81 42 92
32 7 82
11 43 92
6 19 18
16 25 15
8 32 15
59 68 90
47 44 81
56 33 18
11 81 48
66 23 3
68 100 36
85 44 23
88 66 27
57 84 31
53 71 86
15 61 18
66 7 13
6 51 99
88 59 30
46 54 89
65 36 17
26 45 15
58 94 82
20 64 41
63 55 26
43 39 60
96 76 85
38 85 55
50 73 23
62 91 34
47 73 52
75 62 95
18 47 71
61 94 33
82 33 41
71 70 88
9 74 63
91 20 91
73 9 26
25 15 43
14 38 32
57 22 12
79 16 52
42 28 25
60 48 15
31 23 56
34 98 90
91 88 2
49 53 43
86 14 62
38 92 11
89 90 43
53 18 15
62 48 34
22 6 59
47 90 29
100 46 59
54 65 86
71 60 42
28 25 39
1 15 44
80 75 59
46 11 9
68 60 7
32 52 43
1 65 35
40 23 6
46 12 61
4 92 77
81 19 23
73 59 75
66 78 35
47 41 37
41 85 72
87 80 29
32 83 22
19 64 93
7 96 67
39 77 53
83 95 45
23 86 5
94 65 39
56 88 42
34 52 22
70 85 70
4 77 84
53 9 60
35 63 24
63 78 25
99 81 62
74 79 68
93 1 55
95 82 58
34 53 92
89 75 36
17 53 69
36 12 7
70 67 19
62 51 9
63 11 66
52 8 75
66 22 64
37 98 8
46 32 58
86 98 26
95 92 66
87 9 6
52 94 8
70 36 9
16 40 29
19 92 63
25 47 75
53 12 43
51 84 92
1 77 32
23 77 13
58 63 40
59 7 65
28 25 50
19 43 85
92 31 86
79 49 14
57 24 43
86 15 45
94 85 43
27 66 59
25 96 25
98 95 19
40 76 8
15 24 33
44 74 58
54 62 45
17 67 95
64 3 85
18 81 89
48 96 50
65 89 98
43 70 64
36 64 93
18 85 99
42 42 62
51 64 21
1 82 1
13 6 87
68 61 18
43 21 17
18 60 87
93 87 82
20 70 97
56 50 41
34 93 24
31 44 2
85 3 79
10 92 35
9 99 16
41 93 94
89 42 37
58 37 38
52 44 11
98 60 25
57 58 9
29 95 73
39 61 1
8 87 60
27 81 49
32 49 78
99 50 1
75 19 73
5 74 56
54 21 48
81 29 90
31 37 41
46 60 96
91 45 42
44 32 82
67 11 91
65 66 54
96 68 21
31 3 20
10 38 44
84 97 88
31 10 61
93 10 93
39 25 71
1 34 10
59 51 51
1 51 56
100 80 55
10 37 12
2 70 74
8 80 21
40 42 89
24 30 67
5 58 60
40 37 64
45 99 20
49 31 85
77 73 21
7 15 89
79 99 61
23 49 64
33 57 30
28 66 4
46 7 59
83 18 76
65 100 77
33 45 28
35 81 79
12 15 5
14 98 89
70 37 67
60 43 93
41 25 25
13 100 29
71 40 84
63 5 11
58 86 36
54 17 18
20 52 30
80 74 48
11 51 8
6 77 55
30 99 38
56 86 100
75 25 45
66 71 24
6 93 19
84 10 99
41 19 27
96 85 24
13 34 100
29 43 56
46 64 28
39 94 23
24 16 36
61 58 13
89 60 16
92 97 65
14 28 40
17 91 53
85 97 38
41 32 51
87 26 38
1 12 70
36 90 17
8 74 44
11 88 13
24 97 14
61 52 12
72 76 22
37 30 74
53 72 71
20 41 29
21 49 65
47 39 36
29 47 1
52 24 14
97 96 59
36 68 31
82 61 24
16 72 49
2 49 14
45 28 27
44 34 9
22 17 82
20 99 48
39 14 7
4 39 29
62 8 3
65 53 38
56 71 22
16 21 34
45 98 80
31 61 46
61 30 78
27 73 61
14 69 33
53 6 81
66 87 30
9 11 29
99 35 47
42 10 51
100 27 13
24 100 42
17 10 31
67 43 68
32 64 77
4 4 64
7 83 46
79 50 26
42 55 90
40 100 16
46 81 86
20 36 68
31 15 72
7 97 53
29 93 89
87 85 76
39 96 97
10 11 64
68 96 30
43 85 66
30 85 6
65 48 1
90 98 38
26 82 4
96 1 8
11 57 77
47 3 86
91 4 89
26 18 65
96 75 36
62 58 9
3 8 25
77 86 33
47 33 95
32 80 77
11 71 26
69 30 47
25 12 26
21 82 61
26 59 7
36 12 1
83 74 52
81 71 50
44 2 92
87 74 91
100 63 53
63 93 27
94 33 70
45 6 7
61 8 1
17 48 72
8 79 99
6 3 89
58 88 74
89 11 96
70 22 8
91 5 48
28 82 14
32 36 15
87 97 98
9 71 47
5 91 80
65 54 41
38 73 17
55 44 3
17 81 97
12 99 18
28 55 97
28 27 2
72 73 60
34 95 30
85 58 61
99 5 16
26 98 43
51 93 22
91 13 13
86 46 43
69 91 93
98 52 35
35 38 59
32 85 47
39 61 24
44 94 91
95 70 23
31 85 39
63 58 48
74 65 95
73 81 9
73 81 91
73 35 53
98 26 27
54 59 99
17 24 87
8 11 69
41 20 1
75 12 4
41 54 39
41 95 9
5 16 70
42 60 89
14 48 35
61 46 77
23 33 27
18 83 25
77 79 32
16 96 1
89 8 87
99 8 4
74 13 49
32 93 96
42 66 14
14 18 2
60 17 26
16 47 80
97 20 88
37 11 4
99 16 63
40 47 84
11 59 61
90 49 69
82 47 27
62 27 54
75 81 100
14 56 13
47 69 57
13 48 55
18 93 83
4 91 11
96 45 4
88 11 90
58 9 56
50 19 13
63 3 13
79 28 13
58 74 51
14 16 38
5 37 10
14 31 51
22 49 78
57 7 8
55 64 99
100 93 80
18 2 55
89 52 49
71 36 41
58 56 13
68 32 62
24 7 20
14 98 1
71 50 66
27 72 41
39 16 59
96 26 18
54 19 9
59 30 42
85 61 14
88 14 64
8 56 25
36 89 77
17 22 59
92 3 93
85 22 15
55 99 50
1 7 60
97 39 38
90 38 19
53 51 51
23 85 18
29 83 5
15 9 92
25 89 60
57 9 74
63 63 35
93 21 29
33 60 71
58 36 45
55 94 80
66 45 12
34 53 16
5 55 42
66 74 5
43 73 29
98 25 88
60 72 39
8 73 65
45 92 59
50 90 73
5 81 29
52 94 17
95 51 81
81 72 35
91 50 84
74 94 75
74 28 23
74 64 19
82 95 8
86 12 97
40 89 77
78 77 12
70 2 55
89 37 2
66 19 86
92 6 44
26 6 21
14 57 52
69 70 77
6 24 58
82 11 47
92 99 86
96 70 65
45 1 58
21 45 73
7 30 97
95 57 20
90 67 77
97 93 99
41 20 26
88 33 4
99 79 7
2 93 53
98 25 69
78 3 100
43 73 58
98 78 54
83 6 76
2 68 53
94 32 61
87 11 8
15 38 36
63 5 76
9 85 25
6 2 80
51 77 53
85 29 100
78 78 91
79 24 45
96 40 86
44 51 94
47 4 1
5 53 75
38 81 67
58 64 22
52 89 18
89 59 30
43 67 75
91 15 93
54 69 100
70 42 18
51 5 14
8 21 72
71 91 15
64 29 55
55 30 65
8 10 15
7 4 27
85 15 100
13 37 41
91 84 77
6 25 6
88 44 37
42 81 8
60 66 11
9 69 24
71 34 22
69 60 9
34 44 15
10 57 41
83 39 38
64 76 98
96 84 49
73 45 79
54 85 8
29 6 75
85 94 77
21 30 19
47 6 96
47 86 47
77 19 30
8 55 7
51 81 46
86 72 80
88 29 100
54 61 39
92 28 28
9 43 57
17 24 20
77 31 63
9 82 37
5 57 80
50 77 5
78 86 12
25 75 37
15 47 62
22 61 98
20 22 77
15 26 95
71 42 65
79 92 92
24 2 77
23 77 51
96 44 67
52 78 74
29 69 85
42 57 69
82 2 32
57 87 5
96 57 5
13 63 5
89 85 41
4 50 30
4 23 77
64 61 26
42 28 21
53 74 33
33 90 46
66 86 77
76 58 61
99 41 98
45 52 61
57 100 85
8 97 7
99 30 96
92 78 30
51 55 10
35 68 97
47 8 66
82 47 81
52 70 77
10 46 41
81 53 66
53 5 2
100 53 77
65 41 95
82 88 55
25 97 57
77 88 3
7 56 61
16 36 86
32 31 44
31 9 53
70 4 44
11 80 41
30 1 26
37 4 20
79 21 70
88 18 29
55 63 14
35 59 38
63 67 16
18 30 89
77 75 15
28 54 23
19 6 73
23 98 76
76 70 39
17 83 4
54 56 89
71 44 69
40 1 74
34 18 4
18 32 2
58 4 44
71 100 100
58 64 53
10 19 86
28 100 29
25 42 92
68 26 21
38 48 46
45 28 4
32 70 71
39 92 38
39 88 13
73 9 72
58 4 82
45 72 99
32 49 90
1 9 67
80 3 48
99 74 44
26 87 58
43 63 15
45 38 57
66 92 77
46 37 17
66 68 24
2 4 3
1 78 61
22 22 50
45 32 78
1 34 13
44 51 46
99 51 30
54 68 67
14 48 56
36 32 58
28 55 4
92 89 84
49 66 69
89 34 49
59 4 68
86 22 33
75 68 24
6 17 17
54 83 45
91 34 40
21 31 17
53 62 50
35 53 36
80 31 18
88 24 30
14 28 48
51 94 19
92 52 77
92 10 35
99 68 52
22 94 81
42 79 75
89 19 1
82 86 23
57 78 46
85 21 38
7 26 82
64 20 83
43 74 41
94 14 78
32 97 14
64 66 82
51 14 27
80 12 80
94 67 99
53 36 74
9 49 39
71 44 20
51 19 61
85 39 2
1 30 78
15 31 52
57 68 57
88 81 31
85 66 8
34 39 68
38 37 31
31 64 71
18 39 13
58 28 66
65 74 48
13 88 14
94 65 27
97 18 68
31 95 19
93 78 66
17 23 65
75 100 38
38 34 52
37 85 56
6 18 12
93 31 50
35 50 68
63 46 99
21 45 11
60 21 60
4 72 58
66 100 99
63 34 27
75 90 43
3 16 7
81 6 86
61 34 20
39 62 40
78 91 76
74 66 50
51 73 98
27 21 51
91 36 30
11 23 12
10 55 66
63 42 16
83 81 10
48 25 25
92 15 38
57 86 53
82 11 49
82 16 68
56 12 4
96 50 57
86 67 4
15 70 48
30 27 65
10 64 50
43 57 17
11 51 13
15 49 97
8 99 30
78 99 71
74 5 27
79 93 37
13 44 75
11 84 67
82 35 40
7 27 17
57 98 51
22 59 84
15 56 16
42 8 96
50 67 75
40 32 8
72 66 32
74 9 63
16 44 47
17 26 46
49 37 40
70 40 52
47 74 56
36 80 52
86 13 41
30 38 39
74 70 60
77 98 10
100 69 98
46 10 38
55 34 70
89 75 54
76 92 43
61 21 40
32 5 90
82 99 34
56 88 56
36 55 70
67 65 94
67 71 53
89 93 78
77 81 36
29 8 52
89 73 3
94 27 43
63 88 4
24 14 94
65 84 25
65 77 91
3 56 71
60 14 81
72 84 5
93 94 66
51 41 97
58 69 10
94 84 38
55 46 16
99 13 16
71 93 60
27 30 41
31 42 42
24 77 83
99 25 1
2 58 45
94 52 8
83 86 20
25 53 26
29 18 85
11 87 18
97 97 55
63 100 91
33 91 81
3 76 32
83 79 94
66 77 47
83 36 67
63 6 28
13 76 23
73 26 39
37 9 31
86 58 78
12 60 2
59 86 81
90 72 72
74 100 70
92 42 59
89 66 20
96 28 74
78 2 31
82 65 50
65 77 89
72 22 16
42 33 72
66 24 65
31 58 94
53 3 3
32 73 100
59 53 77
54 43 7
98 3 12
75 29 83
80 23 55
81 44 37
36 66 98
41 32 96
42 64 16
29 32 26
37 15 48
35 37 48
47 33 52
100 22 58
67 91 27
54 76 76
81 24 53
90 99 24
51 55 38
63 78 95
79 97 26
79 55 96
37 84 94
3 93 82
92 16 55
13 83 71
67 51 71
47 77 62
95 52 61
27 75 38
92 15 64
96 93 77
85 93 95
2 1 33
7 55 9
8 83 95
74 59 12
57 41 85
32 72 42
2 77 41
41 4 74
7 60 73
92 50 19
92 30 66
7 86 36
68 89 37
51 26 34
61 9 97
51 59 29
6 69 9
14 55 19
32 27 51
64 89 76
71 12 79
99 35 36
36 52 85
32 41 8
92 70 48
83 17 10
40 63 33
71 10 10
41 69 57
91 37 68
98 48 65
78 73 97
93 8 84
62 7 92
32 38 19
45 76 73
91 94 89
39 40 63
28 70 32
93 88 24
61 37 30
88 1 44
79 28 95
73 16 9
94 63 42
50 10 86
34 4 5
45 36 38
71 2 13
8 13 63
47 98 66
27 14 47
87 65 64
50 29 45
33 25 86
75 30 36
88 69 89
9 31 99
5 67 55
85 24 97
94 67 52
12 2 50
1 24 6
91 79 45
48 24 77
11 31 96
60 83 27
94 85 25
46 12 51
6 56 51
70 49 83
27 89 42
24 85 60
77 49 81
96 18 60
14 37 30
2 46 81
16 41 60
78 12 23
88 44 1
9 95 87
44 33 69
27 67 13
87 76 36
2 28 17
62 46 53
30 13 18
43 12 36
69 46 70
63 11 75
94 20 60
63 4 12
60 16 24
75 6 58
73 45 96
41 99 91
80 51 16
7 34 11
75 82 16
49 57 16
93 70 31
46 45 82
23 52 37
46 86 93
62 52 90
71 4 97
24 54 55
99 60 67
59 30 51
25 56 57
64 4 10
89 50 82
27 54 69
55 52 57
82 73 63
98 21 75
8 60 63
92 10 7
83 2 37
12 74 69
92 17 66
57 24 38
94 67 79
56 90 18
9 20 7
10 15 35
14 13 2
24 100 65
46 3 49
10 99 17
13 32 97
29 7 49
70 99 25
45 26 34
51 96 42
37 43 45
30 80 32
79 38 91
42 53 2
17 78 52
46 96 33
5 99 56
1 76 33
77 58 63
91 77 92
16 95 88
15 46 55
51 18 40
46 31 11
17 83 32
63 30 29
36 41 43
95 53 14
16 73 84
51 74 18
2 51 19
12 94 23
76 5 20
49 24 81
98 88 84
48 33 97
15 95 78
97 94 11
9 74 39
21 49 69
21 50 19
60 74 26
23 64 75
23 77 74
61 54 63
74 68 26
50 34 40
51 53 67
45 17 7
99 39 84
81 99 9
11 67 43
22 81 40
93 51 22
5 26 29
5 73 56
1 10 80
79 29 78
78 95 24
44 81 26
84 58 93
78 31 25
94 16 93
30 14 96
42 98 52
87 63 99
38 95 63
27 18 8
11 70 48
67 51 16
41 19 79
21 17 100
3 82 14
56 7 30
20 75 28
51 59 43
10 78 86
83 71 90
57 23 9
71 30 35
11 92 82
25 80 54
79 63 67
44 38 95
97 91 92
42 33 45
2 76 82
87 24 19
67 72 88
27 29 55
81 94 65
58 79 3
2 94 53
98 37 45
70 15 29
3 15 87
8 53 29
31 77 44
22 90 63
14 98 26
6 71 53
25 14 26
47 19 81
80 28 18
19 58 69
61 57 18
48 29 30
8 9 83
45 62 73
87 83 13
57 58 94
34 8 99
35 96 67
6 77 38
25 75 91
18 5 44
41 94 83
7 54 93
44 47 92
21 89 93
10 6 39
20 23 57
66 82 95
7 7 62
61 76 99
89 25 29
89 90 46
50 66 36
68 12 39
68 44 93
73 38 38
98 13 34
27 21 25
41 91 60
71 76 21
96 25 24
79 91 28
15 84 58
41 42 42
11 67 47
31 17 39
9 87 35
54 47 90
1 19 51
78 44 60
22 83 47
26 77 43
28 54 61
58 68 28
65 2 43
41 39 93
70 88 65
31 24 34
32 61 93
63 34 33
13 98 76
81 97 56
75 47 16
87 7 5
18 38 60
75 9 100
48 27 39
18 5 71
77 22 42
20 82 76
37 96 7
70 98 57
68 3 99
67 61 65
7 40 26
20 45 65
85 52 77
21 74 31
29 61 16
52 33 45
87 74 22
78 39 50
44 71 3
83 70 27
15 24 74
50 63 56
92 39 37
36 40 95
24 7 19
67 90 3
60 55 38
2 9 82
100 43 86
18 38 4
96 96 69
62 25 7
95 6 17
3 54 23
78 55 65
94 10 79
62 77 88
10 78 65
59 89 42
21 95 63
35 60 74
69 70 60
86 6 36
52 66 60
79 75 7
86 20 75
31 47 81
92 99 20
63 18 91
64 72 42
38 39 86
66 28 69
56 75 98
89 80 83
34 48 28
58 1 29
60 14 31
95 52 28
79 5 79
13 89 34
13 98 50
22 88 85
99 68 44
74 59 20
56 92 50
65 23 62
79 9 39
79 19 88
33 31 7
92 100 94
84 96 16
38 14 20
33 98 74
92 92 99
5 13 48
61 55 6
91 55 40
49 50 96
25 72 61
61 24 86
93 90 94
22 35 13
98 78 27
1 74 61
20 91 26
4 73 22
83 82 73
76 77 7
47 34 79
77 34 37
88 33 24
71 78 43
26 43 91
80 32 70
24 89 80
88 45 6
39 52 33
1 74 41
65 83 99
50 86 25
69 6 99
12 31 26
97 8 4
76 13 74
41 48 25
12 66 1
93 31 28
75 49 23
6 32 64
33 50 63
85 69 37
60 55 79
100 97 32
7 48 76
15 71 70
60 48 46
90 31 48
67 87 93
17 37 55
33 100 56
11 99 2
3 96 41
18 99 29
8 100 72
4 62 3
37 75 99
88 33 85
3 74 11
70 19 13
11 82 44
11 100 15
3 46 21
21 41 58
62 29 22
32 37 14
45 43 45
13 65 21
74 69 92
73 58 12
54 49 90
88 3 72
4 53 42
20 10 33
8 26 52
16 13 88
28 98 59
80 7 13
11 74 51
69 42 57
58 66 9
52 21 72
8 32 78
16 50 31
100 45 81
58 53 42
69 94 100
56 38 1
44 22 47
36 30 47
99 68 50
53 92 6
17 65 94
46 69 6
63 88 100
76 42 53
37 15 70
4 82 77
87 84 3
54 84 71
65 10 60
32 85 8
6 20 32
13 29 7
60 1 8
69 6 10
47 55 2
99 32 18
98 99 66
23 18 49
34 7 76
28 32 81
39 31 11
53 71 89
67 57 59
34 24 15
84 46 31
51 3 1
72 21 95
58 31 58
81 39 54
44 5 54
13 8 69
19 2 90
95 56 71
42 10 6
15 56 61
97 57 63
26 41 14
36 42 8
20 10 11
82 90 92
21 84 17
33 35 50
54 34 65
71 35 18
3 38 67
61 61 58
60 42 59
54 98 1
84 8 54
53 5 33
36 2 28
93 98 94
8 1 5
18 67 97
36 38 22
91 44 23
50 94 8
27 18 12
20 34 23
14 12 31
53 98 59
53 85 11
99 74 98
39 92 99
3 8 55
81 55 86
25 44 18
74 29 53
20 57 67
62 83 81
31 15 8
17 50 6
33 4 95
24 82 42
76 79 90
7 37 26
43 34 1
32 62 58
92 85 31
17 56 34
17 98 87
51 87 50
15 55 84
6 95 11
41 55 57
12 42 70
91 16 21
37 15 62
37 63 77
7 34 3
75 27 82
57 62 15
44 13 91
28 25 29
13 28 11
65 52 35
68 64 83
51 3 30
46 76 57
4 73 33
65 18 29
44 62 97
10 9 99
30 56 34
58 98 21
8 65 39
49 75 100
73 79 45
71 87 46
82 7 24
28 95 17
3 8 95
90 28 61
40 96 2
34 70 63
22 92 43
6 67 98
5 20 59
48 43 80
75 11 21
99 6 25
3 87 23
54 46 95
68 78 99
97 16 66
35 30 14
86 43 85
40 23 69
7 31 36
20 99 26
33 84 12
48 58 91
70 74 34
12 24 27
24 38 88
24 4 25
26 86 22
79 12 67
3 4 65
81 41 19
58 89 49
72 25 67
89 97 4
89 8 80
69 91 40
83 3 11
16 32 51
9 4 58
90 48 24
86 64 41
99 1 65
12 94 28
17 83 29
44 63 87
25 44 73
79 78 52
67 69 62
79 99 49
28 90 50
65 77 32
21 92 8
84 100 66
11 51 56
63 78 72
71 73 93
41 48 3
41 44 30
50 8 88
52 56 24
66 56 12
100 36 72
97 32 9
24 64 5
97 28 99
54 22 34
63 98 83
2 98 79
86 78 3
43 12 59
5 1 71
34 69 82
70 76 26
86 62 89
90 48 34
16 20 27
11 68 64
85 94 35
100 78 86
8 21 61
33 40 37
61 74 9
50 94 74
95 49 28
31 37 36
36 11 82
35 18 2
99 4 54
2 30 43
62 37 52
51 65 1
53 1 72
92 3 90
70 53 73
14 65 77
4 77 71
68 76 96
82 21 54
3 42 84
39 32 78
24 74 51
94 98 60
29 2 70
64 91 55
81 32 48
53 38 28
16 45 10
55 19 40
23 47 13
86 17 8
31 41 66
68 2 32
2 100 68
39 52 99
90 68 27
90 86 62
26 71 88
88 59 73
7 87 45
96 64 22
38 40 69
38 61 88
71 44 34
39 85 75
27 38 37
6 56 80
55 64 22
9 92 7
12 84 99
56 23 47
35 20 18
65 34 16
2 4 39
36 84 98
38 29 44
67 82 55
71 95 48
33 26 89
24 23 80
62 78 98
13 50 66
82 72 22
91 99 1
37 98 13
14 39 42
12 27 43
19 7 79
50 50 48
50 25 38
39 51 96
26 16 68
85 22 89
70 74 40
2 38 32
77 82 45
68 57 95
11 35 19
88 23 46
84 45 1
60 33 76
97 28 58
5 94 80
89 69 28
82 3 71
33 25 97
80 63 29
55 5 61
1 12 99
77 50 14
11 95 48
20 90 3
3 41 20
46 23 53
32 6 63
33 6 40
35 81 14
93 98 57
27 66 44
20 71 59
17 10 38
40 3 61
84 52 36
47 22 2
84 38 8
7 22 90
68 77 72
37 73 80
49 1 68
2 19 38
23 26 98
85 42 51
14 98 45
96 3 59
30 56 37
48 16 55
22 50 77
98 48 83
62 85 83
88 64 1
75 79 77
83 31 45
89 5 36
8 84 82
97 74 38
12 11 64
50 22 24
11 25 35
8 86 98
66 81 86
73 56 10
22 21 11
1 30 43
35 97 33
91 10 17
33 61 62
3 85 70
50 8 19
6 98 36
1 5 26
31 43 61
34 73 5
70 6 61
45 4 14
42 6 12
4 71 59
50 27 74
82 8 39
9 84 87
38 93 92
46 28 11
11 96 74
98 80 17
72 88 91
44 31 86
69 50 67
63 63 95
81 34 3
92 55 81
98 34 50
74 59 31
23 87 61
46 78 23
72 84 39
58 26 62
95 23 43
96 90 98
92 19 8
49 15 38
90 91 17
7 47 1
15 92 39
39 24 14
41 49 35
99 98 68
29 74 91
48 14 41
29 44 16
74 36 39
22 70 43
15 36 1
72 19 47
80 20 3
91 73 85
17 62 45
92 20 54
20 49 40
85 31 91
32 9 9
66 87 86
58 34 76
1 12 96
54 94 69
65 47 17
60 45 60
23 77 1
14 96 13
49 44 42
73 3 53
73 61 25
68 2 73
50 12 58
68 28 15
91 62 4
36 41 8
19 52 2
63 71 8
68 37 1
83 22 5
85 62 63
25 23 36
92 15 95
81 38 19
26 81 68
59 89 13
4 100 37
54 93 90
36 28 95
57 20 19
17 5 46
93 70 16
82 32 55
10 69 70
5 76 56
50 34 41
93 72 9
70 27 75
59 60 98
45 42 7
57 1 9
65 11 88
1 23 61
13 94 11
6 94 61
62 91 72
66 29 95
79 61 39
47 29 59
91 62 44
50 91 68
5 46 73
44 29 58
31 37 28
18 52 39
96 33 13
76 51 31
82 84 69
85 96 95
41 24 55
46 53 89
56 80 12
17 18 84
10 80 5
80 90 60
16 63 51
12 78 64
42 80 92
95 10 76
47 59 11
21 28 86
96 36 30
49 58 41
52 25 51
90 55 61
96 54 45
58 43 24
77 86 2
13 26 65
35 58 28
37 75 74
11 39 51
2 31 36
13 86 45
1 11 59
66 90 45
29 78 95
1 23 19
81 27 78
42 94 24
99 22 30
95 96 29
92 64 34
48 20 12
89 85 44
51 25 44
83 72 79
53 100 30
12 17 95
19 97 63
8 99 75
46 93 77
74 98 56
73 31 41
86 47 9
16 26 35
79 29 26
87 67 69
74 81 95
15 18 79
5 52 64
40 48 39
11 40 73
35 72 100
68 73 80
11 27 45
91 83 87
56 74 73
22 32 33
23 90 14
88 7 87
17 14 22
76 49 55
61 29 42
6 47 28
53 55 86
86 52 27
72 64 18
55 41 36
3 100 84
70 4 93
42 64 90
95 34 9
43 4 70
68 81 24
11 78 75
7 89 7
27 43 75
25 52 85
53 20 72
93 19 66
33 43 84
32 46 5
94 37 94
73 5 82
66 49 7
83 46 73
42 41 5
83 2 73
99 72 91
17 99 28
95 46 63
84 26 79
53 18 38
98 86 98
94 86 7
84 93 63
43 94 79
54 76 34
61 95 10
72 87 9
79 65 81
17 75 8
38 77 93
46 39 16
49 4 34
8 63 7
37 38 11
53 46 29
93 68 21
12 44 23
35 1 6
34 66 67
93 8 46
65 24 64
90 20 53
62 99 64
20 9 3
54 50 54
63 41 70
33 21 35
65 31 64
12 1 93
42 82 84
53 76 55
83 16 10
15 27 9
11 43 71
18 36 12
97 12 46
3 90 95
91 72 16
5 64 53
5 73 17
80 89 22
20 51 12
94 97 34
43 3 46
92 16 89
57 18 3
43 8 84
17 19 78
37 78 68
82 54 48
85 63 47
79 98 64
15 86 22
88 57 27
87 66 14
42 36 58
72 50 81
51 62 33
62 29 31
23 18 44
66 93 13
27 68 56
100 31 37
16 79 57
32 95 100
36 75 18
43 56 30
46 7 4
94 69 22
6 42 2
41 43 90
80 86 42
10 76 3
23 99 65
33 24 100
78 88 48
66 59 96
32 19 20
55 35 17
74 78 91
43 80 85
78 12 84
69 33 45
7 15 86
14 11 17
80 86 35
76 96 22
5 84 87
97 93 1
92 7 13
37 70 5
59 83 75
31 60 31
50 68 41
27 37 23
12 79 4
71 1 45
11 75 96
97 24 55
27 52 65
44 90 24
22 76 100
15 94 60
12 26 37
100 90 95
39 16 91
83 96 61
43 47 96
95 48 76
81 55 59
92 47 72
97 33 69
41 97 41
19 71 25
46 31 3
79 92 100
26 93 9
66 92 53
61 31 46
35 44 32
2 68 88
18 9 6
33 4 20
4 40 25
45 17 87
62 61 49
16 62 14
6 19 10
27 92 91
5 30 10
27 41 84
98 34 43
91 63 30
5 62 34
43 64 82
20 85 22
16 22 11
51 70 87
100 32 100
63 35 75
4 10 50
14 28 89
72 71 16
14 75 84
70 63 36
90 78 52
84 46 50
50 44 38
52 50 5
60 64 22
21 59 87
77 50 46
39 39 36
87 43 60
2 42 15
18 78 63
18 93 6
23 80 11
31 39 58
71 75 62
88 39 25
77 91 81
86 63 21
68 62 85
59 39 31
80 42 61
53 20 20
77 50 51
33 22 26
72 87 51
89 7 69
99 43 98
40 54 73
39 74 99
65 52 23
73 2 40
65 29 66
35 1 45
90 36 48
89 92 55
14 56 98
14 53 59
48 96 64
24 9 57
37 65 7
93 39 17
12 55 36
84 19 100
48 68 41
26 31 9
38 34 68
9 41 31
98 9 64
76 79 18
2 98 50
54 51 17
99 75 75
67 67 68
10 56 98
64 94 8
70 27 47
28 11 58
16 75 40
12 39 46
30 80 22
4 69 95
100 27 48
9 64 47
62 62 75
91 88 4
40 27 92
92 87 3
25 14 38
16 74 61
72 72 98
63 31 71
92 25 89
1 47 46
74 69 13
1 71 88
75 37 10
86 96 93
89 45 69
43 89 89
84 5 75
58 51 17
56 20 48
41 96 68
98 48 5
88 13 63
66 71 21
72 68 38
99 81 100
21 85 41
40 44 89
96 81 71
27 42 8
51 36 26
10 55 76
38 47 73
55 57 19
7 100 81
77 92 83
86 75 13
35 29 92
88 2 18
43 19 98
2 68 75
24 22 63
76 50 51
11 83 65
10 58 93
3 85 10
27 49 28
22 14 80
52 68 3
56 24 53
77 16 62
28 53 100
90 21 59
40 90 89
62 61 15
49 77 44
6 91 97
98 48 82
98 84 48
19 69 7
20 75 74
64 10 96
95 46 40
5 68 8
85 7 60
32 49 3
23 79 26
77 1 7
16 9 56
49 50 1
11 34 59
67 83 6
82 56 17
45 70 93
69 99 4
90 17 78
53 80 13
77 48 96
17 42 80
3 64 63
41 87 8
51 90 100
96 94 53
11 81 73
71 36 36
84 12 19
98 66 95
69 91 98
29 26 76
52 41 93
5 88 21
57 55 14
69 91 76
5 84 22
44 32 40
28 10 1
79 1 51
53 32 71
9 48 94
93 32 36
77 7 98
8 6 75
99 26 78
11 26 27
85 72 61
20 98 100
78 87 14
35 50 60
35 43 7
56 69 37
45 90 45
37 97 4
37 60 8
76 21 7
87 59 67
17 41 27
46 85 31
100 3 82
33 81 30
85 31 25
35 17 11
96 99 31
63 9 40
78 50 45
73 44 69
85 80 40
74 19 5
77 2 68
100 58 43
52 15 31
5 7 59
97 29 93
52 44 97
31 32 79
68 100 15
58 54 88
57 14 73
39 29 71
14 65 22
78 5 6
20 61 86
78 93 58
6 80 38
64 15 71
2 85 73
27 14 26
94 84 76
10 86 29
15 46 7
79 46 73
63 95 7
92 55 96
75 73 70
7 83 84
54 80 65
25 31 63
81 35 94
26 43 66
4 45 73
87 42 36
84 60 47
5 20 16
36 98 68
77 5 73
8 55 29
44 72 47
39 68 12
71 41 18
48 26 54
13 90 15
99 29 30
53 20 98
36 44 35
55 93 99
78 28 53
58 8 49
73 91 49
85 41 46
32 64 72
56 60 27
21 99 37
59 8 41
8 6 41
21 76 83
39 27 92
9 64 17
87 12 10
12 85 45
53 83 61
70 22 81
25 10 73
16 58 12
34 100 51
37 83 85
50 89 88
89 61 38
31 63 25
69 80 12
61 28 10
64 60 85
1 88 39
97 54 53
19 12 80
34 82 8
35 46 62
24 3 79
99 73 70
42 4 70
42 36 49
29 5 86
92 63 84
58 11 71
40 71 92
30 44 38
67 94 63
19 15 2
5 35 14
65 36 17
66 62 91
18 55 36
37 97 58
64 15 16
54 95 32
77 62 49
39 92 25
74 57 53
60 90 20
92 82 70
14 75 59
24 44 11
38 8 24
20 96 98
28 24 72
52 84 5
80 90 76
25 82 65
5 38 10
96 60 4
76 73 53
10 97 60
32 68 83
46 49 64
56 70 63
90 10 75
22 61 95
39 85 94
21 45 84
22 35 68
44 68 84
32 93 76
60 6 23
16 70 33
88 82 46
53 16 13
25 84 71
45 64 30
21 5 71
22 10 3
68 61 15
37 15 4
71 93 44
9 51 56
96 73 18
69 22 36
33 2 98
2 56 53
61 51 41
62 69 2
17 26 34
42 58 62
35 68 3
71 64 22
86 45 64
56 23 67
10 52 17
30 13 33
51 48 10
15 95 33
61 29 72
93 65 77
56 55 68
89 96 32
43 80 94
15 35 91
65 93 49
12 97 88
9 71 84
2 40 92
91 70 47
89 62 96
84 63 77
50 87 97
90 76 37
7 87 4
96 82 3
68 36 21
20 56 22
41 83 20
80 3 83
34 55 19
74 52 69
53 50 67
39 13 59
23 36 80
63 91 99
53 74 78
42 6 51
71 51 92
66 80 79
97 49 87
41 98 67
80 78 2
43 63 61
69 72 95
30 83 91
75 24 94
79 82 66
32 2 59
92 23 5
62 91 20
67 20 91
22 68 98
11 65 66
37 32 89
34 59 21
28 40 12
44 47 62
99 17 8
31 9 52
11 6 24
17 20 29
30 9 21
84 83 5
39 44 40
42 86 39
26 32 47
21 20 4
36 26 22
60 38 88
15 13 51
54 51 42
91 42 9
48 37 29
38 73 17
49 17 30
70 42 6
45 19 69
67 92 34
60 84 50
62 52 78
76 52 36
18 48 80
6 21 49
74 48 30
11 95 19
83 59 45
49 62 67
7 64 51
54 86 43
51 62 61
13 61 23
80 36 66
29 100 12
34 22 86
12 39 94
18 80 33
21 20 42
28 30 54
68 88 79
6 31 6
2 18 34
51 40 10
12 91 81
6 4 71
92 83 14
56 89 42
70 29 44
80 84 54
75 9 75
92 3 13
22 43 46
2 68 97
6 10 49
78 49 51
44 47 6
25 60 37
90 81 5
89 76 97
69 38 56
13 39 7
31 29 92
79 37 6
11 25 77
16 53 70
54 80 66
65 4 49
66 72 55
30 75 30
1 96 7
70 100 3
14 64 80
39 8 44
62 86 89
19 65 28
71 29 43
82 100 48
99 65 89
88 97 32
90 66 5
34 60 97
62 79 89
42 92 80
14 17 47
71 88 31
97 24 47
45 83 78
30 12 66
32 70 5
48 6 35
14 27 55
73 49 25
79 95 67
44 37 89
25 1 35
11 18 42
45 88 80
79 72 49
29 9 19
28 66 34
48 5 45
88 9 38
40 80 30
78 72 56
45 35 86
70 99 69
90 41 4
84 13 86
81 12 41
6 68 66
91 3 26
48 58 14
74 82 97
3 24 78
32 9 48
34 18 58
31 20 36
65 1 82
7 83 43
88 64 26
81 2 33
72 83 77
17 91 1
60 14 79
96 40 53
54 16 66
79 8 10
96 58 15
44 25 67
85 41 79
26 37 16
92 64 37
60 48 68
95 94 81
71 50 25
11 62 77
20 29 2
56 90 13
1 68 74
100 70 77
22 99 85
49 85 12
72 23 60
34 54 49
24 37 76
36 9 33
32 66 96
34 54 42
13 87 52
100 65 54
43 99 77
58 77 66
64 95 21
95 66 84
62 41 92
84 99 33
56 89 28
74 85 65
99 27 6
100 31 34
12 15 85
28 29 86
16 69 48
76 83 74
19 31 95
81 85 19
47 80 60
40 95 23
10 82 20
36 23 31
69 6 53
80 54 70
99 85 69
90 41 69
12 29 66
1 88 79
56 100 83
25 84 31
4 90 57
55 84 11
32 81 10
70 14 53
6 5 2
16 91 98
82 31 19
77 73 24
18 18 76
42 65 87
32 30 73
95 96 45
93 77 86
13 40 36
74 20 97
92 99 91
13 1 8
93 94 61
11 52 71
90 15 38
13 47 74
68 61 23
89 17 48
53 77 56
53 73 1
26 80 86
26 84 1
89 53 16
23 96 17
92 94 9
8 56 82
4 80 72
27 70 50
22 46 72
3 4 7
69 44 3
33 47 73
16 15 78
25 31 44
33 3 58
97 53 19
99 82 16
65 89 17
43 9 29
31 25 66
72 63 28
52 5 51
44 51 64
43 65 50
97 28 36
48 32 87
98 28 51
86 32 31
69 13 23
38 84 91
96 99 98
13 63 68
43 35 67
2 11 54
75 49 91
30 51 89
86 99 73
1 51 91
79 78 44
2 71 86
38 63 89
86 50 44
19 26 56
3 33 48
61 91 14
72 23 28
18 53 78
73 26 3
94 32 61
34 65 77
65 5 100
28 32 97
50 56 1
86 20 76
69 4 49
70 54 85
52 63 69
56 47 71
95 90 47
51 53 91
40 12 18
66 91 59
97 77 68
21 97 73
12 96 27
27 5 32
10 13 19
72 3 39
79 2 96
7 50 64
60 15 29
52 58 45
27 7 83
77 9 20
92 44 62
49 41 36
32 99 99
33 60 53
86 41 1
51 89 72
38 22 45
75 28 8
92 7 46
22 54 52
95 21 36
93 33 97
23 44 39
82 8 84
27 78 63
70 4 86
27 39 33
45 2 87
94 26 67
13 39 54
59 57 19
18 99 93
89 8 4
19 47 77
22 71 17
61 39 59
8 21 82
12 81 85
29 89 42
57 76 74
1 25 47
80 22 47
96 40 9
53 61 4
8 82 32
59 58 73
86 63 4
8 13 22
34 87 18
77 72 29
7 87 44
12 54 6
72 70 62
11 89 93
31 10 72
58 7 46
37 36 55
48 41 94
93 12 2
7 53 36
98 7 74
35 71 43
64 3 58
4 16 25
62 63 69
72 48 60
97 33 1
44 12 6
69 47 73
96 72 7
98 59 36
63 80 62
51 4 100
23 36 23
90 2 97
53 98 94
30 52 74
65 53 93
33 84 67
40 49 74
2 32 70
57 99 60
20 60 48
35 60 53
20 13 41
36 24 61
13 47 62
3 90 58
80 92 81
39 38 81
15 23 46
51 20 58
18 3 95
68 98 5
12 43 28
76 98 78
56 87 91
88 38 45
19 52 16
28 39 90
81 83 12
21 54 83
21 35 19
5 15 62
61 38 19
72 35 82
80 69 65
3 70 14
51 76 81
84 72 71
83 54 39
1 57 81
76 3 93
87 27 70
32 96 41
6 23 41
16 13 31
62 86 58
27 94 52
40 68 100
48 99 42
46 25 2
89 84 57
95 68 43
44 43 76
80 32 34
12 85 95
36 40 70
95 40 75
97 27 44
66 66 23
65 47 16
43 16 67
49 39 44
44 8 12
15 22 39
42 74 46
48 57 77
37 38 17
22 81 67
60 79 13
5 16 61
29 76 9
69 24 39
83 10 68
2 67 91
53 66 81
23 77 44
58 77 41
13 50 26
28 53 54
81 95 21
74 27 65
35 39 10
16 23 5
31 49 45
98 38 52
28 40 86
42 6 82
63 75 39
89 69 95
46 20 13
92 14 97
5 80 69
94 91 41
36 50 36
2 80 100
95 51 37
55 95 76
39 71 64
91 95 18
41 100 18
56 48 71
45 64 27
42 49 71
43 68 96
21 53 55
91 54 68
96 71 89
39 74 82
52 53 66
58 23 92
5 28 53
42 84 18
9 33 5
22 1 89
84 17 58
81 64 45
55 67 60
26 71 58
15 47 23
93 12 20
9 99 74
97 43 50
17 90 15
22 7 36
34 88 43
60 92 25
16 40 19
86 10 84
17 95 38
68 32 13
87 5 12
50 99 99
46 59 65
95 96 81
69 68 70
19 57 20
97 41 82
72 78 82
66 26 56
37 21 61
74 4 79
83 62 76
12 21 3
73 92 15
95 92 71
71 28 94
3 52 74
12 21 23
70 73 18
57 17 53
99 2 58
33 33 44
52 6 1
81 86 94
16 19 14
93 51 4
86 18 5
30 30 10
45 49 17
39 65 43
84 41 49
51 14 30
30 48 45
11 27 33
84 60 19
7 80 72
66 66 81
12 61 51
100 65 81
67 91 11
40 94 14
36 34 81
58 37 73
14 43 63
39 74 13
53 29 16
23 19 28
20 94 4
24 68 97
100 52 5
61 30 51
97 65 49
66 42 100
91 34 45
100 90 82
29 14 93
62 78 92
97 48 16
63 93 79
90 79 17
65 11 87
30 85 32
100 52 55
23 19 78
75 45 6
57 56 70
49 34 59
47 8 82
18 74 64
100 8 21
74 3 81
31 84 77
55 43 44
19 84 70
93 41 50
26 50 27
3 91 64
52 97 10
77 49 58
89 96 80
80 79 29
55 88 59
100 11 85
50 69 4
2 53 57
72 39 32
48 62 86
46 96 69
68 42 12
37 25 4
8 17 8
66 97 27
68 90 70
86 87 15
15 13 42
44 47 86
91 76 65
59 14 54
71 47 24
5 50 54
35 55 81
95 82 36
5 37 8
34 81 32
11 10 27
43 40 66
79 43 72
35 76 28
46 23 59
75 80 5
22 7 36
98 11 52
3 57 88
48 95 99
49 13 71
75 98 62
63 31 55
83 11 59
91 23 56
9 47 100
66 50 93
1 54 92
94 88 79
2 18 22
88 83 80
83 29 72
74 2 63
87 69 79
23 17 18
12 25 44
36 52 3
29 18 6
27 17 74
90 23 3
44 1 100
16 33 5
99 92 26
44 92 92
30 84 38
88 18 88
39 73 95
66 31 75
60 89 43
28 18 41
34 59 35
93 96 62
50 8 88
46 48 70
1 58 49
78 84 28
87 33 33
65 84 65
24 43 8
9 25 37
91 64 5
19 26 81
45 40 96
49 90 46
64 1 87
26 3 4
65 27 57
80 63 74
88 5 70
43 90 3
41 39 89
34 86 81
79 28 46
23 58 59
51 28 1
1 93 39
59 59 92
30 50 59
30 47 83
30 56 58
60 17 30
43 41 32
2 80 13
82 44 57
54 51 45
17 2 87
98 96 15
40 72 41
38 85 76
58 86 36
41 24 16
94 80 59
86 72 16
88 19 43
34 83 55
90 84 54
53 98 98
33 17 38
41 95 97
53 13 88
89 97 17
58 63 48
55 53 18
79 99 9
73 33 7
5 27 70
82 61 47
5 44 38
100 81 84
17 50 59
15 72 29
94 54 42
85 94 90
72 86 26
7 9 1
53 14 69
18 61 44
53 71 42
10 47 64
6 80 51
61 35 34
88 30 93
26 57 72
55 3 57
87 15 9
79 91 40
87 64 8
8 10 68
21 4 14
18 97 37
83 86 20
66 55 99
27 37 78
88 46 61
23 32 69
17 21 12
98 29 3
21 39 6
28 100 19
53 46 77
24 11 40
71 1 50
98 21 10
14 56 2
49 33 50
17 21 6
36 84 91
61 73 42
9 24 32
50 19 49
7 42 47
77 74 10
17 56 70
99 76 41
86 20 17
99 29 30
20 41 50
64 38 22
72 93 69
39 14 49
71 18 97
22 90 25
85 58 51
98 93 89
82 42 30
62 61 64
73 12 16
51 5 89
74 25 66
32 27 35
38 91 63
90 62 33
81 94 44
9 19 10
45 86 84
95 33 56
93 7 12
10 99 89
63 33 46
65 1 100
61 92 51
76 17 89
59 61 8
4 56 53
97 71 1
2 15 86
78 74 28
89 21 3
99 90 4
72 77 12
69 50 98
25 94 64
65 75 56
51 76 32
38 39 59
34 64 12
49 87 70
46 80 64
25 55 51
12 19 48
22 1 51
76 55 75
2 83 42
8 61 1
82 30 61
31 41 4
93 36 28
57 91 72
42 25 21
97 40 43
94 65 75
22 80 17
97 8 91
53 73 33
74 42 56
6 60 91
9 30 57
44 79 46
68 34 8
71 79 12
22 17 12
38 79 25
99 52 89
70 13 87
73 36 84
12 50 25
85 33 25
66 80 54
5 35 5
14 34 9
59 78 12
42 96 11
1 68 69
97 83 84
73 48 34
27 75 21
65 11 19
3 35 52
31 13 24
75 96 2
37 97 27
98 31 84
6 64 60
19 97 94
6 37 81
24 29 20
44 11 56
7 87 93
82 57 82
10 78 15
20 91 30
35 31 81
4 47 25
89 54 46
89 72 76
6 45 43
68 67 15
92 33 76
17 44 79
85 42 2
89 40 58
32 66 97
74 82 41
88 22 93
38 87 52
37 29 74
67 96 23
53 78 77
45 80 69
71 41 74
45 73 24
18 59 1
8 10 37
64 88 20
31 5 13
19 37 81
74 73 97
38 31 19
78 70 67
5 17 48
65 82 46
88 7 87
63 43 79
85 7 45
54 12 47
11 48 23
86 64 40
91 29 85
79 3 18
68 8 90
89 17 62
99 90 66
67 42 22
16 21 66
42 72 100
43 44 64
41 4 46
38 100 53
99 2 86
39 68 51
15 9 61
80 77 10
93 64 84
69 46 39
22 9 70
69 26 1
52 71 58
44 78 42
14 89 77
40 72 14
25 10 28
15 35 57
96 84 11
71 49 32
9 23 20
32 12 75
87 65 59
61 40 1
13 84 68
92 19 74
1 3 26
93 26 82
6 75 19
31 48 10
7 41 58
54 96 25
8 33 18
11 38 14
29 91 35
16 35 53
83 91 57
34 17 24
20 10 39
14 79 37
6 10 65
3 32 37
52 79 96
79 76 63
98 91 11
62 8 30
31 17 95
90 21 29
79 19 26
98 18 80
39 57 8
94 59 1
42 43 52
19 60 100
24 66 56
48 96 89
73 61 62
49 26 71
13 20 70
64 43 71
68 47 66
63 44 54
66 47 22
67 29 18
84 56 26
37 86 48
92 9 79
57 9 74
64 96 63
12 40 63
83 44 71
96 35 24
71 29 86
38 40 93
19 73 41
38 89 89
3 5 75
69 92 55
40 98 10
13 44 96
81 50 50
41 82 66
43 59 11
20 24 60
76 4 69
68 39 23
67 35 4
14 52 6
28 98 93
30 93 63
38 22 4
77 70 65
36 21 81
39 90 36
38 36 22
29 91 42
86 71 96
91 2 55
11 41 30
55 3 73
25 57 100
72 91 4
70 25 58
84 2 20
82 87 50
19 24 28
90 26 30
47 10 15
90 13 79
15 78 56
16 75 66
81 68 53
53 59 28
9 98 11
20 57 36
15 84 18
70 48 93
77 28 51
22 87 43
66 84 46
19 87 84
90 96 33
44 76 53
19 87 17
45 21 46
85 75 79
83 33 56
15 59 29
21 62 18
44 93 92
59 80 44
10 96 67
46 25 50
91 90 91
49 51 42
27 80 69
8 66 52
67 57 21
51 66 82
99 31 88
64 1 10
62 80 77
9 38 61
95 19 56
22 41 9
48 63 78
46 54 9
20 40 75
68 70 53
35 85 56
35 68 5
8 57 43
92 32 52
6 49 48
2 70 20
2 14 29
91 78 62
13 72 95
73 14 36
74 23 78
50 10 57
95 46 90
87 63 95
63 11 24
43 74 79
76 85 78
46 48 20
74 75 41
51 85 49
33 16 61
44 1 32
39 15 62
21 72 88
86 79 9
52 17 34
93 27 12
74 80 31
37 13 87
65 97 98
19 86 50
1 20 87
34 28 3
77 33 43
14 7 23
44 80 2
67 31 84
41 66 95
94 78 24
28 95 61
3 6 71
79 17 66
64 81 68
91 93 9
5 73 95
69 5 38
90 23 61
34 66 90
65 68 68
2 86 59
16 47 32
79 58 90
39 6 61
42 32 9
15 18 34
76 49 91
44 82 43
84 62 13
55 96 70
76 86 55
79 96 51
62 94 14
74 27 52
57 2 87
84 2 11
48 94 49
50 99 39
26 55 100
60 60 39
32 20 93
36 10 29
97 15 70
17 96 58
21 55 70
5 95 90
1 18 11
82 78 34
50 77 66
20 96 11
60 50 18
70 91 34
94 42 59
43 33 22
88 28 28
30 75 82
7 63 76
53 13 14
2 11 53
94 94 69
52 81 83
39 100 61
81 8 62
45 70 22
71 33 81
13 83 22
65 57 50
64 8 36
82 41 98
30 38 93
52 15 61
89 1 68
30 25 25
58 78 22
27 99 84
76 85 57
16 68 66
66 78 48
34 62 52
53 77 36
31 66 4
61 77 85
3 2 30
39 63 32
56 77 49
46 12 81
16 46 8
33 66 10
21 32 42
37 75 18
52 88 28
37 25 48
4 2 59
45 49 38
8 26 54
61 23 1
72 88 56
25 44 96
80 16 99
60 50 81
64 41 98
74 97 40
24 63 95
8 13 69
48 11 7
5 66 70
58 51 8
80 77 36
12 66 97
40 45 2
76 82 27
57 21 11
38 15 35
69 26 3
4 14 84
44 68 25
51 10 72
73 4 27
31 47 28
69 62 70
48 3 22
20 33 8
6 90 23
59 12 62
53 86 98
80 34 99
30 57 46
12 86 28
51 21 45
63 69 20
77 94 78
18 21 45
3 7 65
100 37 94
84 91 99
85 15 13
63 100 25
92 28 52
41 32 67
69 11 34
16 94 72
53 48 98
56 17 17
30 70 54
6 58 29
70 40 79
56 47 5
32 10 8
40 9 90
54 10 42
69 55 29
1 70 33
97 97 25
19 51 88
72 31 100
16 46 40
27 43 2
81 98 2
1 26 74
83 20 41
43 69 90
12 62 100
94 4 66
68 69 75
52 60 44
93 21 88
97 3 80
40 32 87
38 68 61
82 74 75
14 48 70
86 4 71
52 70 43
78 32 13
43 78 33
79 82 25
66 17 40
31 8 28
52 17 32
72 22 10
35 87 51
19 79 96
1 35 43
42 84 42
50 69 44
1 24 49
100 17 89
32 81 95
52 32 59
47 79 82
13 75 53
69 3 83
81 39 54
58 36 13
19 27 99
32 35 21
14 23 45
75 4 63
65 57 51
70 60 86
54 44 69
73 47 100
36 69 84
86 30 43
21 53 59
32 91 9
4 78 17
84 4 65
7 68 63
26 74 69
10 61 30
50 22 54
7 12 68
62 20 79
31 89 11
6 31 73
58 48 97
18 57 47
46 85 13
8 2 98
36 20 46
93 3 79
13 10 75
16 27 100
24 20 75
24 39 55
71 5 77
76 15 61
70 56 25
33 81 70
2 86 8
40 3 93
52 59 88
36 93 44
100 36 58
20 76 63
27 74 27
78 38 61
58 62 100
94 71 38
47 41 52
62 82 80
75 60 35
71 56 62
44 78 31
98 51 59
7 60 21
91 67 23
5 58 92
3 34 15
32 60 57
6 67 1
67 77 12
45 45 28
14 50 97
5 42 62
23 10 39
38 56 46
67 25 100
3 67 77
59 42 53
41 99 10
45 37 35
84 33 7
67 71 56
67 48 76
38 12 100
48 61 88
38 94 85
4 80 7
95 31 6
5 34 11
46 68 23
3 8 23
1 68 75
7 7 1
9 29 81
35 72 57
57 71 54
83 69 74
27 50 37
33 33 89
67 76 70
88 73 84
83 28 100
59 95 67
90 43 9
24 16 83
56 52 23
87 34 79
95 66 53
12 6 67
40 64 50
55 28 27
87 58 83
80 68 96
24 21 73
2 16 81
78 2 1
18 76 78
42 100 42
65 84 3
84 52 8
16 100 93
31 53 39
12 64 39
2 27 10
37 93 99
41 24 26
54 98 85
42 32 20
58 77 78
85 13 56
4 89 81
55 6 58
50 68 87
40 1 73
54 80 83
8 30 88
38 5 86
53 16 46
31 84 42
13 51 57
41 44 89
21 69 21
33 20 39
31 70 14
37 40 19
66 27 14
46 96 73
90 72 10
41 25 91
12 64 19
42 44 52
76 21 18
44 80 79
67 73 63
44 26 15
69 82 19
66 10 76
73 77 47
42 31 28
28 100 47
9 24 24
53 44 76
91 10 3
69 31 23
16 54 68
55 15 76
86 98 70
1 28 15
82 66 72
61 69 51
59 76 42
56 92 42
54 50 1
76 18 92
7 14 81
42 17 24
1 64 46
46 57 54
24 100 75
33 100 89
21 66 63
3 18 41
76 75 32
29 4 45
14 36 53
10 4 35
53 25 35
70 47 86
78 78 95
93 85 71
82 77 18
71 21 1
10 5 95
27 66 73
4 47 43
96 3 54
90 76 11
77 95 95
92 5 18
40 52 45
45 6 76
85 97 86
11 79 9
71 45 14
38 15 71
54 65 21
3 51 76
90 13 59
100 64 97
97 52 30
85 89 82
20 19 46
75 60 62
84 41 88
38 92 13
30 15 80
94 75 58
9 19 21
19 27 62
54 66 78
65 32 63
3 40 76
22 56 96
91 57 26
82 8 5
72 93 45
62 50 60
44 75 41
26 57 40
87 52 6
35 34 25
68 31 68
26 84 86
3 16 65
54 71 62
48 84 41
76 39 25
18 53 76
83 22 30
44 62 10
64 97 60
27 8 14
97 21 93
51 77 84
100 39 17
44 54 3
71 51 56
41 67 49
43 54 49
98 4 95
93 39 42
98 4 92
53 70 50
73 82 99
9 1 15
11 75 3
23 11 98
8 28 12
91 81 95
65 1 90
58 36 21
1 44 45
4 84 10
14 82 66
13 41 31
36 39 9
1 73 85
25 59 52
80 27 46
19 47 77
50 27 60
40 78 21
94 63 33
84 14 7
85 82 78
17 71 82
18 48 67
1 13 41
57 87 65
93 73 76
20 39 54
81 84 27
4 58 44
33 98 43
69 65 20
44 48 98
76 66 58
96 78 9
27 56 56
72 30 10
82 49 93
86 20 91
88 78 61
80 90 1
24 37 100
39 43 88
60 28 30
39 44 60
62 83 59
89 67 36
38 74 34
47 32 12
53 5 68
74 63 70
86 50 21
46 87 82
31 14 39
4 57 33
82 52 4
39 72 87
79 20 91
79 15 81
45 97 99
97 79 83
70 68 93
67 35 49
21 73 55
39 34 27
3 1 11
30 92 79
17 86 53
13 17 37
34 35 8
60 30 27
71 38 8
36 86 9
49 58 22
71 16 41
51 1 21
71 74 7
48 5 54
12 4 65
89 87 72
88 12 11
92 74 98
96 39 8
60 18 99
17 14 82
45 13 61
59 77 5
91 24 97
95 91 61
92 11 6
12 30 23
65 62 73
87 65 33
8 12 47
43 10 18
60 32 42
5 87 22
76 36 9
45 13 89
69 5 95
86 84 96
61 96 63
99 26 64
16 87 8
51 99 52
76 14 58
16 30 77
58 61 49
65 12 7
90 89 46
8 17 40
35 9 32
80 49 7
38 66 3
28 53 36
51 69 69
7 81 97
52 100 33
45 67 24
59 5 19
99 11 43
87 78 41
33 37 18
54 88 31
57 53 83
85 58 97
67 37 81
71 53 54
57 15 93
60 21 4
15 54 38
47 35 7
82 45 76
84 44 22
83 11 61
15 93 83
48 10 85
3 79 92
34 49 71
99 29 5
49 78 14
23 2 60
41 53 93
74 50 13
16 50 83
100 2 37
62 83 14
43 21 2
88 31 92
71 90 40
35 45 41
4 68 34
89 91 85
4 25 2
84 37 93
80 99 75
59 59 28
26 51 94
81 96 78
86 51 54
97 88 24
88 19 79
74 35 35
9 74 62
5 92 59
45 15 37
12 65 53
64 10 46
47 75 22
15 26 23
56 15 34
69 78 46
70 39 38
91 63 62
18 1 68
72 24 90
89 21 65
58 47 82
84 3 4
98 88 71
6 94 84
1 28 40
1 38 2
30 1 2
2 51 5
99 57 10
45 51 28
27 19 59
67 50 56
57 17 52
84 14 92
33 73 14
29 84 63
65 45 94
59 23 31
35 56 88
32 69 78
29 21 10
9 57 96
3 75 15
38 23 44
7 94 60
77 98 55
57 52 43
24 90 11
66 97 14
89 24 77
90 51 58
10 99 24
62 22 35
33 49 34
47 21 2
86 23 37
64 39 17
84 25 47
51 10 59
72 64 45
34 40 18
92 1 31
98 78 83
98 13 42
44 72 87
30 85 87
95 13 74
100 5 46
33 72 7
92 90 6
100 31 75
39 34 48
91 12 15
94 34 69
8 98 20
14 84 49
55 15 66
51 82 13
61 37 79
77 55 14
73 33 93
9 12 10
18 60 39
66 72 86
92 66 17
67 29 79
24 67 72
49 94 73
100 63 16
9 80 86
53 3 68
1 41 66
15 45 66
100 45 93
32 38 44
23 57 11
59 55 66
49 45 34
37 14 1
83 36 39
74 75 40
86 39 55
26 86 59
8 67 63
24 28 7
87 77 32
92 33 77
35 24 30
85 72 38
78 73 32
37 17 24
71 19 17
92 87 4
48 29 62
31 20 77
92 52 79
12 25 27
80 31 27
34 45 10
53 7 26
11 61 50
97 66 43
40 65 57
56 37 57
34 54 79
90 39 42
22 23 84
25 59 71
59 36 65
54 60 46
67 86 94
33 89 86
89 58 95
14 26 9
94 67 31
83 35 12
17 9 45
28 41 79
49 98 56
21 86 95
11 98 37
22 77 52
15 30 17
87 36 90
50 13 27
18 97 50
59 19 13
79 17 77
39 65 78
37 30 55
93 69 56
21 16 9
63 79 8
52 7 96
73 65 13
65 18 56
11 99 6
64 92 22
73 58 69
52 36 79
16 10 2
25 91 86
33 31 83
83 38 51
5 27 40
68 29 69
27 37 58
81 95 63
31 70 11
22 35 13
42 26 23
81 54 59
34 61 52
71 64 1
51 1 44
66 47 90
65 34 45
55 98 85
74 24 65
78 90 9
93 91 9
57 47 15
22 67 49
47 86 2
72 67 58
65 18 12
38 71 99
22 35 76
90 68 56
70 70 48
63 87 12
10 95 92
97 82 29
39 42 10
16 3 72
13 63 86
74 70 90
71 41 23
19 1 45
55 46 18
92 59 14
74 2 50
37 21 51
57 8 25
84 39 69
79 38 52
35 68 67
68 49 86
36 76 25
38 29 63
65 18 8
51 50 43
92 22 81
85 97 18
66 37 9
95 41 17
36 37 8
46 100 68
70 72 56
93 21 78
56 99 63
55 41 95
49 1 44
100 44 9
86 38 4
19 67 84
15 28 59
12 27 28
20 79 71
3 71 93
36 32 51
95 42 11
35 10 35
14 36 38
97 46 98
62 84 21
91 7 74
75 38 34
66 67 10
61 23 33
46 53 4
82 42 52
88 95 81
75 39 77
80 89 86
68 35 45
55 48 34
26 71 87
75 91 79
71 59 38
43 31 43
27 2 15
19 13 37
71 27 85
28 66 88
63 9 96
15 6 89
46 13 50
64 49 10
90 84 88
24 65 8
74 32 12
83 73 16
13 69 11
2 87 42
34 83 55
21 37 40
51 48 78
38 16 19
40 43 7
19 57 38
41 70 80
31 85 61
54 85 72
63 47 17
94 6 29
78 72 83
84 92 20
44 5 13
11 42 34
55 46 35
46 10 79
65 43 11
13 66 100
87 8 74
89 66 25
4 25 18
32 66 22
30 78 72
81 7 12
54 53 32
93 73 20
64 30 29
66 21 49
51 88 82
38 39 34
24 70 79
38 18 48
62 69 68
87 88 32
52 29 18
9 6 26
13 65 97
78 79 96
10 24 77
74 92 52
14 99 57
17 41 82
87 52 89
57 92 36
68 73 96
71 4 42
90 64 3
17 9 71
42 11 79
48 34 70
60 24 82
2 81 20
6 26 21
94 95 76
94 36 37
99 42 1
98 41 8
100 69 91
84 11 49
51 10 62
4 46 34
2 43 12
97 8 3
84 4 66
28 3 46
2 83 56
100 20 78
36 20 40
48 50 55
98 3 74
52 75 33
46 52 91
85 37 28
21 46 15
95 41 42
95 4 62
24 38 80
80 63 100
58 47 51
18 30 32
20 67 98
71 48 42
17 19 63
35 27 50
19 46 11
84 31 11
98 27 81
8 84 44
55 1 72
90 75 5
30 66 8
21 99 56
4 27 3
45 2 88
39 98 81
64 96 58
59 52 63
7 11 23
67 33 17
87 84 58
72 8 72
90 93 65
54 23 100
73 68 44
54 73 22
38 88 5
78 72 4
34 18 28
21 26 44
86 19 20
56 78 17
21 18 36
69 67 45
27 88 48
7 86 7
26 7 25
20 87 49
74 97 19
22 18 63
77 52 64
34 75 68
86 88 77
93 16 96
19 37 41
22 92 73
37 83 26
48 13 94
99 39 63
52 83 91
69 22 95
42 77 6
91 4 37
60 59 16
66 12 63
80 85 56
43 66 22
49 82 99
79 3 98
88 64 13
52 55 53
25 3 39
8 24 42
15 83 45
5 94 65
1 24 67
86 74 44
57 35 53
44 32 81
64 48 73
37 65 32
85 22 16
12 66 62
61 12 72
36 32 85
73 61 69
90 78 45
68 39 28
71 31 67
93 84 76
73 87 19
33 90 24
9 54 17
55 62 9
68 2 78
81 93 29
77 49 78
31 60 71
2 77 23
22 18 79
65 46 78
42 74 18
94 89 15
92 75 24
75 75 33
96 61 59
77 62 93
45 48 92
86 20 73
84 22 54
98 92 3
30 19 15
69 54 24
22 92 47
23 93 22
1 29 67
69 14 100
69 5 44
46 64 27
71 33 28
42 100 63
47 3 2
94 43 48
95 87 11
10 85 83
72 41 99
80 69 87
86 87 97
4 74 40
92 98 38
67 20 56
60 47 30
22 16 48
49 100 19
91 3 67
61 35 22
8 11 40
81 26 49
11 54 85
48 1 86
92 71 41
7 62 32
87 19 29
50 74 29
31 54 5
22 56 27
92 11 99
29 75 78
50 96 96
42 24 78
44 47 12
43 92 57
86 27 51
92 72 78
77 91 88
33 42 90
44 93 44
75 74 82
26 1 44
20 47 81
48 65 45
47 37 94
2 44 44
33 62 62
18 23 77
90 55 80
4 75 99
26 26 18
94 34 22
42 87 2
74 29 22
75 86 8
14 59 8
17 78 89
12 62 50
12 96 22
98 87 75
10 16 37
60 39 52
51 6 15
77 45 49
34 49 72
37 34 32
31 47 46
30 42 89
81 40 62
80 98 69
76 98 12
86 48 84
54 75 53
78 41 42
4 17 43
67 75 90
41 12 39
94 31 93
59 48 31
34 86 54
23 52 97
71 25 95
46 4 11
77 85 23
25 25 90
21 86 58
70 2 5
67 23 64
84 91 89
88 2 66
69 55 2
70 34 7
98 92 11
26 78 94
71 63 2
65 18 13
91 35 77
26 88 60
94 81 46
11 40 18
16 14 33
44 59 72
97 56 9
45 13 21
41 55 49
22 89 23
31 49 80
88 23 71
28 36 68
38 53 64
38 5 88
11 95 60
93 55 57
44 78 26
1 77 63
71 31 89
69 9 21
20 43 71
5 73 85
32 95 91
80 44 38
83 68 57
71 85 50
62 97 28
2 34 96
52 32 67
62 85 55
60 82 77
24 5 1
6 21 86
51 27 9
86 86 76
5 26 3
25 90 47
51 99 37
98 36 15
94 55 71
5 52 83
29 86 91
56 56 18
22 83 80
32 82 39
72 41 88
51 85 61
87 80 91
10 6 86
35 95 11
88 98 45
65 19 74
30 27 27
100 70 38
88 18 77
16 38 62
56 72 89
96 91 88
95 81 99
47 48 6
33 92 24
74 25 99
32 50 44
52 97 57
28 2 70
9 97 93
9 29 100
39 3 66
8 2 79
34 26 35
36 39 39
57 96 7
46 67 86
8 8 30
5 44 9
83 91 6
27 68 89
1 27 23
84 32 87
25 82 73
25 86 5
47 7 71
73 90 30
15 64 87
29 38 49
31 16 68
56 62 8
41 63 71
20 72 52
91 75 39
82 13 56
80 60 98
32 88 66
60 67 8
19 13 6
66 10 62
84 69 51
13 97 26
63 44 94
98 91 34
81 88 90
55 32 60
18 39 84
10 42 4
86 88 88
84 16 72
88 64 9
92 13 95
37 78 31
87 63 50
77 87 84
45 4 71
25 78 46
48 33 5
22 46 33
4 11 96
1 68 24
33 13 20
57 51 18
88 3 21
35 27 10
24 38 69
36 19 63
99 19 40
91 84 40
12 70 45
55 43 52
10 85 76
17 89 19
23 59 8
79 99 67
81 56 72
68 88 41
29 77 11
17 45 28
20 26 15
88 56 93
93 69 88
47 75 46
77 67 50
55 31 45
11 79 24
94 48 88
19 3 22
100 100 56
60 85 22
39 42 16
69 54 83
86 8 55
71 29 24
56 12 86
93 51 52
53 80 55
57 44 98
38 81 17
8 14 98
91 89 80
46 74 23
10 21 90
7 49 5
33 95 45
47 39 11
25 97 81
27 97 94
50 1 33
50 22 58
43 26 4
97 58 28
45 48 72
52 6 10
28 36 94
67 24 30
49 31 45
64 85 19
43 7 38
7 3 39
78 57 51
26 28 78
28 100 41
12 77 61
61 66 27
73 88 91
79 90 71
67 72 3
82 3 49
76 63 9
16 28 51
18 49 63
91 100 55
36 72 97
43 8 78
41 70 56
51 46 23
99 37 35
27 68 99
15 23 64
69 74 11
79 81 8
58 11 14
78 51 77
71 17 61
81 88 11
98 66 2
4 95 59
58 24 11
18 39 44
54 96 59
90 72 45
82 52 86
11 91 71
76 48 80
55 16 97
23 20 41
51 31 7
17 59 2
93 81 63
42 16 60
25 13 76
11 66 80
11 71 94
20 67 11
3 62 96
23 16 7
50 76 54
89 80 43
22 95 9
3 95 66
1 95 25
71 71 73
66 32 78
84 73 33
10 21 83
18 43 19
57 67 73
29 27 3
71 61 34
42 42 38
45 10 81
83 53 22
53 40 78
2 64 13
65 3 29
74 96 57
90 4 91
21 44 6
93 30 51
77 28 16
34 51 43
32 30 93
58 6 92
82 51 23
9 95 93
43 37 48
80 25 16
90 10 24
41 29 55
53 19 80
68 54 58
54 76 88
76 7 8
46 41 78
45 83 47
62 12 14
91 39 56
13 80 6
29 45 3
20 41 75
91 16 3
43 65 38
53 17 42
30 81 79
89 45 99
87 68 97
25 28 88
63 48 94
11 64 6
26 18 18
21 71 14
81 50 34
10 9 37
56 39 90
66 36 11
15 50 47
56 53 73
86 95 24
91 13 98
23 17 85
43 91 21
35 50 49
19 61 55
67 20 54
90 94 83
49 54 66
21 16 31
6 51 6
79 30 7
72 84 18
64 29 13
58 81 45
37 99 50
11 91 12
36 59 1
61 10 6
82 39 88
5 94 55
6 100 54
35 40 78
43 53 8
27 85 66
31 30 11
90 37 97
8 77 60
73 13 98
81 30 26
41 51 32
49 6 43
29 38 40
86 32 70
59 45 38
48 49 15
44 3 59
54 86 3
84 34 79
61 30 50
79 68 13
69 38 15
92 43 56
93 84 27
21 64 56
73 4 85
40 55 11
9 13 61
74 6 78
88 40 95
35 24 82
34 16 49
14 51 99
15 85 51
98 55 38
44 66 76
32 84 26
18 93 88
78 32 19
55 67 14
94 59 23
86 8 39
36 54 48
8 99 83
91 73 89
52 38 43
96 85 65
31 95 59
72 94 92
50 44 34
43 74 52
57 78 54
7 26 54
44 64 9
69 78 2
57 92 53
19 26 58
31 90 88
99 57 48
6 27 47
83 56 43
92 82 98
76 77 98
78 96 65
31 60 2
57 77 80
34 96 6
7 99 41
80 47 8
46 34 35
19 37 80
43 26 33
20 40 68
33 29 67
57 24 65
62 29 11
34 42 51
5 21 59
86 18 11
1 79 47
96 7 67
60 24 3
41 91 48
61 38 62
78 87 23
71 73 10
14 14 57
32 60 52
36 72 43
25 95 100
75 85 1
99 97 20
70 21 71
28 43 42
73 35 2
42 15 19
61 68 47
78 86 13
95 16 29
76 56 62
30 73 86
15 80 94
18 53 97
1 60 62
91 99 7
26 74 16
34 61 50
18 31 81
18 100 88
15 36 4
38 44 67
9 42 16
100 20 34
51 62 22
37 55 58
28 79 68
98 99 57
34 29 19
93 95 65
62 69 30
27 89 61
31 32 64
78 42 92
48 92 90
22 28 71
35 40 61
72 76 81
97 19 100
4 34 36
74 41 69
6 89 81
49 36 48
18 32 4
27 84 98
57 86 39
48 33 65
11 75 27
55 93 90
22 39 57
82 56 100
53 2 85
17 18 50
17 98 24
2 23 64
82 92 70
74 23 62
77 88 11
35 17 20
38 16 90
23 63 4
78 48 35
79 88 71
54 35 82
2 63 60
85 10 66
12 26 34
45 55 30
38 33 23
86 44 94
14 13 45
19 50 56
33 19 38
62 20 82
58 59 28
95 70 17
11 28 85
74 83 80
20 22 83
16 99 19
85 34 64
92 46 31
85 66 95
88 73 4
39 100 30
50 84 54
35 3 6
16 72 39
76 98 40
9 20 40
74 63 84
48 50 80
82 84 20
12 59 55
85 100 51
13 43 44
96 86 49
26 83 91
3 66 34
99 84 81
30 22 44
34 40 95
8 58 53
79 21 97
73 21 80
64 19 95
3 85 15
83 46 58
76 25 67
12 36 37
37 56 15
17 98 77
46 21 19
25 90 90
86 33 85
40 52 30
42 44 84
7 11 47
10 48 29
71 52 66
14 95 47
61 13 89
60 30 51
41 53 23
30 74 20
55 61 77
74 41 2
38 12 22
4 49 68
92 79 87
94 12 70
23 64 13
67 93 77
65 75 40
44 20 15
93 9 22
72 7 19
69 70 26
43 45 15
78 43 87
99 76 84
33 41 99
28 96 100
24 10 11
45 81 98
52 9 63
58 34 63
46 100 73
9 42 1
46 59 29
78 64 99
97 48 7
67 78 67
9 40 71
76 56 29
94 28 17
90 86 25
39 33 64
13 66 98
81 85 8
34 1 21
74 99 52
58 78 69
64 17 5
49 80 47
94 48 61
61 26 67
13 42 87
90 86 28
82 76 94
88 81 35
52 89 83
47 51 47
27 60 23
11 36 95
33 39 77
36 8 4
94 76 89
31 70 71
34 28 83
88 68 40
1 69 93
52 73 80
45 21 25
20 66 50
31 41 30
85 62 4
56 8 47
12 82 51
70 28 89
54 66 34
80 60 87
39 62 37
3 9 98
66 68 42
85 100 90
2 30 30
71 60 30
17 37 46
1 32 60
20 21 15
31 76 36
72 76 23
68 32 38
97 89 26
24 7 83
57 61 67
47 69 19
41 27 93
31 39 68
43 21 89
40 23 27
92 77 51
85 45 14
94 87 83
89 19 51
37 82 49
82 36 90
32 23 69
52 70 24
6 13 5
9 9 20
46 85 77
57 64 33
7 43 87
68 35 94
67 30 78
92 8 83
51 26 69
8 87 51
56 95 80
34 25 48
28 8 89
48 71 32
34 58 91
30 90 30
31 55 67
36 58 16
33 89 74
88 69 1
31 5 76
22 50 100
82 4 28
95 58 88
85 49 69
5 84 10
9 41 28
66 23 71
36 16 54
68 33 96
21 100 73
58 41 25
4 90 66
45 51 53
1 15 28
33 44 82
1 4 93
100 48 45
10 80 4
73 81 55
44 80 80
76 47 67
86 59 97
45 71 30
5 77 50
28 32 78
77 77 59
99 27 68
84 42 41
65 64 40
53 40 68
20 72 5
19 57 76
96 46 73
11 66 96
17 31 44
82 67 84
9 81 84
70 39 65
100 81 95
74 82 57
69 27 71
39 98 41
17 28 24
60 96 51
63 95 69
95 62 56
78 32 79
12 84 92
19 55 44
94 100 47
79 22 32
5 95 5
92 5 92
69 49 48
63 11 30
72 73 91
89 43 75
44 14 21
43 9 34
53 33 96
37 17 3
52 65 12
91 58 14
53 74 74
55 59 100
16 1 4
68 27 62
98 87 53
98 49 7
30 90 1
94 78 84
61 87 99
57 76 35
84 61 88
60 93 43
73 21 66
52 39 94
22 70 22
15 70 93
52 89 92
52 57 84
24 45 88
99 41 83
81 12 49
94 35 46
79 78 91
62 51 14
13 57 41
93 74 88
52 25 25
71 37 57
9 91 25
14 29 58
64 52 21
77 58 23
80 45 86
49 94 61
33 59 9
68 100 64
37 33 78
23 23 41
41 4 100
48 50 88
6 60 48
71 78 53
46 94 69
43 36 11
34 65 62
74 70 1
37 16 96
23 22 72
27 59 85
61 36 7
5 47 66
51 49 73
61 94 62
49 55 43
41 10 53
48 93 21
97 23 72
79 34 10
100 78 17
72 75 32
21 34 81
39 77 23
25 63 90
74 49 65
91 72 2
48 12 97
58 43 49
54 30 66
50 85 90
66 31 29
6 69 3
45 61 6
32 16 30
83 59 30
4 69 1
76 20 39
45 83 15
96 64 87
3 78 4
3 50 74
63 10 72
25 96 100
96 10 54
88 43 72
59 61 35
6 73 42
85 82 72
99 73 4
70 86 84
71 15 8
65 67 34
46 23 78
52 23 84
59 45 3
41 94 15
28 54 75
1 14 33
43 33 16
25 23 76
87 89 41
33 38 23
22 89 92
78 6 45
80 73 33
92 7 56
45 7 25
90 98 85
94 19 23
89 22 53
81 87 23
85 52 22
25 85 71
8 36 88
70 50 63
63 47 95
77 79 88
84 100 1
29 81 70
35 58 54
28 30 9
40 7 95
61 58 78
40 80 89
78 60 93
50 90 85
92 4 46
1 68 96
56 70 29
63 89 80
96 43 59
23 30 19
11 55 80
31 88 45
7 93 98
30 42 24
66 47 90
34 28 40
89 53 51
17 44 69
80 59 25
41 40 81
93 58 3
20 68 80
64 29 88
93 41 2
65 22 64
85 40 95
69 75 75
89 57 30
1 3 90
100 91 58
69 95 18
25 66 94
26 19 73
81 15 52
3 85 5
90 72 31
93 20 20
34 89 65
100 38 7
92 50 92
46 75 52
14 45 74
43 39 21
86 73 54
76 21 96
63 41 43
88 19 54
4 42 10
38 7 25
27 94 99
9 29 62
90 23 47
3 76 65
45 40 34
46 13 68
33 8 85
16 85 66
79 91 38
17 85 63
35 34 89
67 66 82
98 84 44
91 5 17
84 88 42
22 18 34
9 71 85
2 74 11
53 82 85
6 62 35
72 13 6
41 33 98
38 39 18
56 40 43
68 99 46
11 21 35
54 65 3
36 94 22
70 95 89
22 67 15
34 96 41
60 7 67
81 59 98
54 95 49
38 64 33
30 61 89
2 24 38
72 29 72
45 81 1
4 65 1
53 49 63
29 26 58
25 39 89
65 24 71
89 2 69
90 48 82
90 75 14
12 80 75
6 17 90
31 84 17
69 81 20
73 10 42
29 86 70
8 32 79
47 91 39
40 63 39
29 8 4
55 79 48
30 66 78
96 71 26
47 31 52
70 62 2
21 93 31
59 68 82
43 71 12
31 48 9
90 11 25
20 9 5
59 70 27
75 25 39
68 3 4
63 54 62
75 74 91
41 13 23
89 8 76
71 38 94
60 89 91
43 11 21
11 57 4
42 78 87
37 17 20
27 4 8
12 34 74
27 16 70
33 98 72
34 87 84
74 97 58
6 72 23
44 10 48
26 47 56
81 1 25
46 63 63
12 12 42
41 62 17
54 53 98
38 14 96
100 34 53
70 22 26
41 2 11
65 27 13
9 61 51
39 58 93
54 84 59
44 67 25
15 71 71
32 74 88
84 75 1
41 46 59
92 73 100
2 50 23
29 3 66
13 71 2
27 7 35
29 10 78
13 67 43
51 27 91
4 93 2
98 61 92
7 92 8
1 71 62
21 57 71
99 20 55
99 57 29
51 63 78
67 71 82
7 90 21
37 12 40
82 61 24
82 98 59
24 41 23
13 73 5
30 44 45
23 44 85
47 90 79
45 5 24
39 25 91
6 75 45
99 13 86
95 78 77
30 54 16
11 72 47
2 70 80
46 46 43
3 42 34
64 30 70
30 42 89
28 24 88
99 84 24
4 42 83
61 98 48
35 41 82
18 16 60
49 74 87
34 96 40
27 71 27
54 66 40
98 40 47
83 38 2
65 49 23
54 29 14
96 39 76
30 75 32
1 71 67
6 85 40
38 16 96
55 68 23
28 68 33
81 13 49
49 83 65
24 68 36
96 2 60
57 45 78
70 83 54
49 89 19
52 70 59
70 5 24
14 73 44
48 66 51
27 5 66
1 83 10
90 78 14
73 72 36
55 91 28
97 15 12
32 33 32
4 46 26
14 15 54
6 83 30
27 92 27
77 44 46
46 57 79
85 92 21
98 3 68
81 10 84
18 66 33
47 67 65
67 5 82
25 84 17
31 92 38
29 55 53
61 60 76
69 25 52
79 92 55
95 81 95
3 28 62
42 61 17
16 48 38
71 57 58
49 72 88
15 65 25
21 76 80
9 71 42
4 92 40
88 93 96
39 40 71
34 38 79
70 84 54
94 49 11
98 7 83
74 70 54
10 96 50
97 93 57
80 61 49
97 88 32
93 26 88
40 32 19
15 36 73
50 60 100
5 43 10
39 90 52
51 32 12
14 94 78
97 38 44
63 60 35
2 44 96
58 86 59
73 45 85
74 7 3
2 26 30
27 20 43
34 90 75
43 87 46
32 53 61
53 95 44
26 10 4
98 55 10
42 88 51
2 76 56
12 36 81
24 94 49
37 32 64
62 64 100
50 24 55
27 66 69
93 57 27
16 14 63
43 77 86
34 8 25
37 6 2
74 40 33
70 3 45
76 22 90
22 94 49
13 29 91
90 17 37
23 30 86
59 61 88
93 34 34
62 54 99
21 58 42
77 79 29
64 18 47
94 91 82
76 89 7
19 95 27
20 100 97
52 2 51
36 84 48
30 83 29
13 59 71
13 75 33
53 30 13
62 18 76
98 52 86
91 84 12
36 83 22
8 96 85
91 92 84
27 59 90
100 92 36
74 83 23
79 27 80
19 22 47
33 30 63
36 33 7
43 57 31
43 25 89
2 78 71
33 43 24
58 48 6
30 61 2
86 52 4
66 85 68
89 46 69
9 44 30
73 96 23
7 23 75
33 17 47
69 31 76
15 72 35
5 82 1
79 85 37
37 65 12
2 2 84
50 76 60
91 76 41
10 72 92
5 67 22
36 79 69
24 56 30
4 70 99
88 75 7
14 94 38
91 80 96
98 40 93
16 14 87
79 100 8
43 47 59
87 54 17
92 46 57
63 60 46
57 56 46
21 24 81
56 15 32
68 9 53
96 55 6
8 96 49
63 16 94
16 79 86
65 95 43
89 39 55
50 63 74
5 16 56
17 95 60
24 64 87
84 79 65
67 48 33
13 15 42
29 18 65
84 100 39
62 32 44
33 44 24
34 64 77
78 44 57
50 79 3
39 5 54
97 90 26
66 44 46
76 56 38
59 47 25
8 83 69
100 30 46
90 33 34
47 2 85
83 7 82
94 1 69
59 28 55
74 56 92
20 70 32
66 9 92
20 5 56
63 39 66
39 20 79
71 97 77
6 83 30
40 40 97
67 70 99
15 25 39
24 17 60
75 50 43
37 82 34
33 17 72
96 100 48
12 38 80
46 91 55
44 68 50
65 59 20
92 36 97
55 28 71
74 99 51
32 8 28
60 66 33
19 54 59
64 60 68
50 37 42
28 5 80
88 70 98
25 92 51
74 60 100
40 17 86
66 69 94
32 92 18
88 4 97
46 47 28
91 1 53
65 91 72
3 84 28
85 90 99
88 88 44
56 30 77
21 59 33
91 39 28
71 17 10
89 48 18
28 74 15
82 64 34
93 48 55
98 27 59
92 96 72
65 32 72
53 64 60
33 20 51
15 43 35
95 65 9
53 93 28
98 70 99
89 82 74
68 85 50
74 22 70
89 90 16
67 8 71
91 18 20
27 39 24
98 23 56
21 38 41
39 63 69
19 57 30
42 17 32
96 5 9
18 51 38
3 39 15
52 44 59
8 76 86
35 1 90
66 54 94
46 4 84
42 27 45
16 61 86
99 23 6
60 94 19
28 28 79
83 57 91
45 36 45
11 73 80
3 2 89
40 74 55
91 4 32
40 62 27
53 66 68
90 87 37
82 69 2
83 29 67
59 11 62
27 1 57
48 99 80
80 75 75
89 27 29
91 98 59
57 97 42
69 37 51
67 38 35
95 32 99
69 98 32
97 48 8
37 15 12
13 46 2
54 40 43
36 98 22
32 21 17
63 100 61
32 81 82
23 41 2
47 6 21
61 51 20
66 33 37
30 53 75
62 20 22
42 85 52
8 81 5
89 58 33
55 70 35
50 77 61
77 7 34
76 59 88
39 97 89
63 55 84
74 47 12
1 96 22
44 37 13
4 87 63
9 70 10
19 98 56
8 48 19
57 88 45
36 100 38
91 31 44
2 12 11
5 74 24
1 16 50
46 78 17
74 92 84
89 73 39
61 45 29
84 87 61
53 76 8
77 18 29
70 61 38
55 20 40
51 78 55
100 28 39
4 94 5
95 51 89
94 53 68
33 58 9
62 18 47
58 66 49
50 25 69
33 64 23
14 2 7
3 17 79
91 19 74
100 55 37
67 59 76
66 40 34
34 15 35
50 45 41
47 8 23
46 42 13
16 31 75
63 6 61
1 41 36
95 6 90
95 67 67
11 20 69
54 22 83
49 65 31
82 45 96
97 89 94
81 64 67
85 32 74
72 89 56
45 86 96
78 87 42
49 40 34
11 10 92
61 5 41
67 34 50
55 20 9
16 83 27
81 41 98
99 80 84
58 4 79
23 65 2
95 95 36
75 57 52
56 27 63
37 62 50
51 86 50
34 59 20
18 75 42
62 93 88
11 92 97
6 45 10
75 37 10
55 37 92
94 12 8
100 63 42
88 5 82
29 44 71
44 15 61
5 44 79
13 7 51
46 75 43
93 48 89
2 50 73
64 69 49
37 23 79
58 42 55
66 56 46
85 9 85
74 71 3
87 48 98
31 18 58
55 28 53
32 3 92
54 50 72
64 77 6
8 54 21
15 84 56
63 32 33
63 63 40
92 13 34
4 14 46
69 19 3
2 2 91
6 87 100
49 28 49
27 17 90
35 21 47
44 79 88
13 72 29
16 6 22
57 64 95
73 89 42
19 89 44
8 5 39
4 68 78
68 19 64
68 54 88
94 98 82
15 77 97
87 77 77
61 80 21
15 66 33
96 5 88
7 92 57
82 65 56
59 77 91
79 62 86
85 49 41
89 81 57
87 50 6
11 34 17
49 23 74
98 1 28
67 80 29
53 68 58
29 42 25
10 90 100
92 57 57
22 20 42
86 53 39
25 4 71
73 8 25
18 99 89
11 76 79
2 7 78
95 79 66
78 26 90
7 15 34
88 89 18
78 60 21
54 24 81
69 25 54
98 41 51
39 17 82
89 83 100
85 43 84
53 50 2
64 13 62
58 62 40
37 83 1
22 57 45
56 85 68
64 48 35
43 27 12
91 25 43
10 53 81
50 45 83
60 58 32
71 79 93
45 60 95
90 12 88
38 59 82
18 99 41
80 84 97
39 57 66
9 40 42
58 80 25
83 66 96
25 27 73
100 43 99
17 11 41
8 78 37
51 22 70
86 20 95
55 52 97
13 69 30
25 63 32
44 10 93
39 12 42
10 44 42
43 92 41
42 56 52
19 47 10
20 10 83
100 99 76
33 87 76
53 92 71
24 45 69
80 79 18
5 67 29
45 47 10
86 84 43
81 44 73
81 34 73
45 94 35
58 52 92
79 97 91
51 91 70
40 84 39
77 11 75
44 40 12
84 63 46
10 6 95
77 39 95
48 56 39
52 28 69
57 76 41
85 26 11
23 95 43
85 53 95
99 37 82
99 36 38
67 4 30
65 86 56
83 44 45
96 47 71
99 91 81
82 94 82
9 69 35
11 51 57
79 68 65
24 71 44
28 65 11
69 99 3
7 31 31
27 44 19
12 51 27
27 73 72
100 22 5
89 73 28
4 66 67
49 5 35
78 48 98
84 23 2
74 73 64
6 6 97
87 65 39
34 69 72
45 47 66
92 15 41
87 8 44
80 47 92
18 36 16
13 76 97
72 55 49
67 98 98
52 73 59
94 24 46
42 92 71
55 73 29
36 65 79
46 47 73
80 26 35
10 51 88
43 99 46
2 76 8
62 62 10
47 67 80
47 69 93
3 51 100
46 65 56
9 42 80
47 94 89
85 56 89
8 49 4
58 55 60
84 70 17
9 79 58
38 89 51
41 86 88
80 98 97
27 61 8
94 62 43
56 17 33
50 51 19
94 48 97
4 82 66
9 67 63
4 89 39
95 54 32
73 26 94
54 84 94
60 34 50
82 9 32
24 62 19
23 30 3
59 17 68
8 17 39
45 52 31
98 30 99
54 63 11
28 16 61
10 95 39
95 52 100
74 25 25
15 74 22
15 1 43
63 36 47
61 30 93
23 75 81
43 48 33
30 79 37
82 58 18
63 39 74
67 57 5
64 57 69
72 46 69
8 2 26
16 54 83
67 28 9
85 96 14
94 96 69
71 41 82
81 25 32
96 39 37
2 46 13
93 83 2
81 46 3
65 49 3
24 60 67
26 91 50
92 95 34
59 61 1
31 64 66
40 49 100
56 38 50
54 52 77
1 84 61
25 29 23
51 32 88
52 99 49
85 17 49
14 92 96
27 37 66
82 70 72
25 77 94
19 72 63
76 3 55
49 85 82
46 2 43
95 4 79
47 35 75
63 17 35
89 42 32
98 44 31
23 88 18
15 70 43
97 84 61
60 28 93
60 59 76
82 44 85
2 100 17
63 40 58
91 65 61
40 63 58
52 64 84
72 4 34
18 49 58
74 38 67
69 66 6
1 81 87
69 48 99
95 28 55
56 25 20
14 56 44
95 71 76
93 26 66
17 27 42
95 34 39
1 97 38
34 23 10
41 51 93
29 42 34
7 93 93
87 4 22
66 67 74
96 74 28
63 22 21
69 84 20
95 77 75
12 68 8
1 52 81
63 16 46
21 41 63
68 79 77
45 82 52
8 64 90
59 86 2
80 58 88
48 16 84
70 21 85
46 5 83
73 78 22
75 30 58
43 97 64
69 53 35
94 27 68
18 54 12
78 66 52
82 25 35
29 48 86
44 47 75
2 27 73
5 35 31
73 63 11
81 17 87
62 41 44
54 49 35
34 15 86
58 5 64
50 20 90
12 77 73
87 16 11
86 61 26
81 56 35
60 3 16
79 51 38
47 87 9
33 17 54
34 27 90
91 94 92
96 15 46
10 22 8
18 55 12
90 26 86
42 40 30
8 46 59
68 90 39
22 51 64
87 48 51
25 59 77
96 1 34
68 84 43
47 41 85
12 27 8
26 89 11
69 43 64
74 66 1
7 81 18
71 67 89
81 93 12
36 11 59
39 31 85
66 3 51
37 31 18
82 69 31
34 43 95
20 46 84
63 41 78
46 55 50
30 85 29
74 45 22
24 53 58
8 6 30
100 17 7
16 50 44
91 27 87
36 91 98
29 67 43
9 16 86
10 20 69
27 51 57
97 73 8
65 37 51
42 92 79
80 51 77
1 95 29
37 79 65
50 96 26
47 16 36
29 72 33
49 29 67
66 61 14
43 21 94
25 58 51
64 30 54
33 75 88
90 38 29
6 83 28
47 10 9
90 28 1
81 97 51
68 94 61
62 36 19
82 33 56
78 1 58
51 44 15
61 68 59
7 58 39
72 11 4
51 75 85
52 35 5
28 50 67
75 66 82
65 2 7
76 25 54
86 25 13
45 37 55
40 31 19
94 50 90
36 94 20
58 7 68
65 62 95
47 3 95
59 27 65
79 85 60
83 57 53
82 27 28
6 3 82
88 100 7
35 30 65
81 69 36
67 84 95
47 3 22
19 85 1
86 22 25
33 73 28
77 11 5
62 67 5
2 23 12
85 100 37
74 34 17
97 75 21
43 87 84
56 96 73
55 100 24
49 2 84
92 58 69
6 34 54
48 76 44
74 27 9
78 86 96
4 47 74
21 95 80
53 13 77
42 59 43
92 1 90
60 64 73
32 12 82
36 85 39
86 95 12
49 55 1
50 46 90
97 53 85
96 44 20
41 61 43
44 34 4
28 28 6
96 13 34
84 49 100
35 24 66
4 32 16
13 35 63
62 92 63
6 11 50
13 66 33
29 16 62
90 29 84
23 58 36
22 4 23
35 64 42
3 36 95
22 54 46
9 35 42
75 93 58
28 9 39
69 38 38
91 97 26
82 95 43
10 95 93
61 84 57
68 20 37
2 14 48
47 43 70
58 51 100
46 64 54
46 9 19
87 84 11
32 26 23
44 96 55
43 31 65
19 26 61
8 93 25
45 7 28
88 7 71
87 81 67
97 91 100
52 94 24
24 80 12
98 11 98
29 89 4
72 95 14
82 65 44
4 65 72
18 7 71
32 47 18
7 61 2
38 68 25
75 49 75
40 63 38
36 23 97
17 57 78
88 65 17
83 20 30
41 89 41
84 57 1
8 95 33
20 43 97
11 31 26
1 20 80
5 54 6
67 83 34
46 32 70
58 93 77
62 4 65
50 93 1
35 83 30
16 100 57
26 22 21
61 56 36
93 65 95
16 60 64
35 38 74
35 58 27
25 81 6
61 64 55
56 78 10
33 2 35
94 83 28
90 82 17
38 77 65
68 26 25
74 50 92
37 62 21
7 99 62
23 95 88
72 47 17
64 61 32
85 86 64
80 77 89
55 28 78
2 40 40
76 87 38
18 63 13
72 49 86
9 77 29
83 46 54
99 81 14
67 62 67
9 98 24
12 86 60
31 33 49
25 65 98
75 2 50
5 82 92
74 6 95
13 27 58
9 33 7
8 22 93
6 72 86
98 62 14
87 82 96
93 7 19
58 49 94
58 17 28
56 92 14
74 21 57
22 50 46
23 21 64
95 66 58
45 23 71
43 43 27
56 12 86
8 45 11
32 97 65
45 84 15
10 18 83
4 78 26
65 76 4
24 79 21
17 24 93
73 97 88
83 54 6
42 66 83
19 99 56
6 42 97
61 33 18
55 38 91
9 93 16
93 96 92
83 57 44
49 62 86
91 7 19
6 56 10
36 24 71
56 51 46
42 90 79
65 34 96
6 72 90
26 91 98
35 42 38
85 85 96
35 93 100
78 59 63
44 65 4
69 68 26
63 6 26
93 62 5
66 76 57
70 10 45
74 56 48
21 4 25
13 2 59
56 84 100
46 44 90
21 54 48
52 28 7
57 2 19
75 12 43
59 5 66
47 96 94
42 10 74
97 6 9
41 29 32
72 89 78
23 43 74
60 30 9
38 41 64
85 77 10
8 55 75
13 89 97
94 6 58
32 89 2
39 14 69
37 53 87
33 44 67
82 27 17
8 99 59
44 89 14
40 87 11
70 82 86
87 25 69
49 33 83
72 78 25
60 49 98
35 7 14
100 34 74
24 69 68
63 65 49
58 30 83
95 92 64
33 15 98
19 63 97
84 93 72
89 84 67
55 13 33
51 67 20
49 16 88
53 74 74
32 35 44
45 58 56
28 65 94
46 63 28
78 26 37
62 6 54
83 95 39
2 22 33
10 44 80
6 43 16
28 5 77
77 17 98
7 60 85
26 78 7
71 40 15
83 98 24
63 60 51
87 14 24
81 93 14
33 53 66
75 5 29
28 3 96
74 92 69
62 4 99
31 21 12
19 36 56
86 50 14
15 76 24
33 99 67
24 54 38
6 25 7
72 63 77
18 8 9
60 70 37
70 91 33
32 49 79
2 92 54
1 65 18
71 77 69
100 2 50
36 8 95
70 41 4
39 45 22
89 4 19
17 23 22
5 76 68
32 39 90
58 81 2
25 4 16
11 35 78
20 46 38
24 98 39
38 14 50
21 34 27
14 20 27
42 71 23
90 55 88
85 17 27
13 100 34
61 93 62
89 19 68
82 81 80
87 35 79
61 94 9
51 80 31
16 85 34
63 78 34
5 80 15
86 32 52
10 31 30
92 15 91
36 37 40
35 25 89
53 9 5
58 17 1
51 17 80
46 3 39
25 31 5
33 12 62
24 6 46
67 10 88
30 51 78
64 39 67
96 23 41
79 72 55
100 90 91
79 91 97
52 1 31
84 91 54
25 82 74
85 43 65
99 55 35
47 18 88
97 77 62
14 33 22
51 2 42
98 49 70
52 64 61
79 99 35
42 65 100
39 33 67
39 41 80
50 20 68
42 85 12
70 55 85
38 14 92
44 86 99
54 69 5
71 36 30
61 41 40
49 72 39
62 2 88
50 71 68
51 98 52
90 68 9
58 69 42
76 61 61
58 85 96
57 45 81
23 59 31
77 10 18
48 98 49
28 50 13
24 75 56
35 43 59
98 61 81
98 75 1
15 43 81
23 16 63
62 20 59
37 44 14
28 14 5
59 59 15
3 100 42
26 96 18
31 44 94
67 51 36
10 68 35
30 30 40
63 56 54
81 16 91
86 45 20
41 14 69
40 27 7
82 45 73
83 56 100
14 92 13
79 43 54
15 27 27
64 34 57
13 84 46
74 16 92
81 71 3
50 65 59
86 8 79
51 28 13
73 45 21
97 54 56
54 89 75
87 27 29
91 53 84
1 75 63
48 70 48
15 42 30
68 11 6
85 68 7
84 48 80
38 99 13
34 28 16
83 78 20
45 26 68
65 40 59
52 7 62
14 10 17
51 9 94
12 22 25
69 93 23
30 85 92
31 70 33
58 41 93
20 12 69
15 54 56
51 37 53
58 74 14
32 98 72
15 96 28
98 71 92
77 63 5
15 7 35
19 42 5
35 29 94
87 45 35
26 44 54
62 39 1
82 58 51
33 4 95
8 30 94
42 30 82
41 32 76
19 4 36
12 73 35
62 56 34
94 2 70
96 1 44
89 1 67
99 13 95
3 15 61
4 8 69
21 52 100
60 63 24
43 81 94
67 13 92
3 86 96
88 11 89
27 38 1
86 61 66
29 57 77
85 72 84
23 36 4
2 44 40
16 58 14
2 51 23
98 21 64
31 90 31
30 92 41
24 33 75
7 7 2
28 30 48
87 63 28
23 4 35
12 80 99
51 26 38
67 60 15
7 63 49
8 58 93
23 85 38
46 57 33
2 85 22
62 73 15
20 60 4
74 38 56
53 77 21
8 80 30
95 53 81
70 93 83
84 28 97
37 98 64
65 97 61
72 79 4
45 18 18
98 24 38
4 30 18
98 26 71
76 34 90
27 98 74
10 89 92
13 42 90
52 100 7
41 94 43
7 70 59
9 9 60
3 40 16
73 41 22
14 85 62
92 24 45
77 55 100
87 16 63
3 19 1
80 100 94
41 83 70
38 63 18
34 14 57
23 99 71
83 92 85
72 68 93
29 36 73
78 93 86
28 24 59
8 3 97
87 39 55
17 7 21
67 87 11
40 46 97
63 31 31
2 42 68
52 74 3
99 91 39
76 60 27
12 12 79
99 37 11
72 85 60
14 17 76
12 27 51
36 25 24
26 48 29
61 24 37
77 16 39
6 41 90
39 27 30
9 90 32
27 32 12
1 86 21
13 56 8
3 49 2
3 19 10
81 45 75
64 94 90
76 27 91
91 50 22
54 6 95
87 73 41
22 97 30
16 91 49
94 49 89
74 56 25
41 61 18
30 64 19
96 67 40
65 49 63
4 71 59
42 23 17
72 37 74
51 29 98
47 53 86
14 30 20
37 81 26
50 55 3
24 16 96
22 90 32
15 57 90
64 25 13
94 54 12
53 32 71
99 15 40
34 15 56
51 13 81
27 90 11
80 96 18
25 43 23
44 26 38
71 90 81
80 2 87
70 78 3
55 36 9
25 64 14
2 34 9
24 12 27
41 45 78
31 48 7
54 29 93
84 22 87
62 51 69
45 63 5
10 46 69
28 41 60
50 63 86
16 87 5
58 100 19
54 29 58
12 8 53
10 75 4
45 71 62
95 93 56
68 13 14
77 50 51
52 78 67
98 7 39
90 63 95
88 9 15
78 92 88
39 4 20
80 85 98
85 55 67
45 100 94
12 74 54
4 27 3
5 70 24
9 81 83
94 90 27
8 25 58
76 80 83
28 12 42
37 72 86
77 96 83
55 51 10
73 84 61
29 32 64
25 48 95
31 19 77
19 100 82
68 30 50
88 88 94
91 88 61
50 42 85
12 23 3
86 33 96
6 11 60
69 41 37
96 62 50
77 23 69
57 68 20
62 65 39
15 14 88
93 21 75
71 19 30
17 9 34
97 26 78
95 87 60
43 62 3
22 37 66
74 89 23
86 54 47
56 26 79
13 8 72
53 21 27
47 38 75
2 5 85
2 24 54
16 83 23
52 100 38
57 94 25
27 39 65
89 64 80
42 57 38
16 84 16
88 11 29
14 67 54
72 46 18
22 48 52
95 23 88
46 78 25
37 51 15
99 7 60
17 58 90
39 12 39
70 66 38
98 56 99
39 1 20
31 53 78
19 50 9
40 65 28
6 5 70
48 66 67
28 48 52
57 1 11
85 62 33
19 69 70
35 71 75
6 52 20
6 38 56
7 41 33
17 39 61
78 57 35
53 44 2
38 62 66
65 44 92
58 87 91
46 12 2
46 100 64
88 57 9
4 82 89
14 20 20
53 57 73
22 22 62
80 60 7
41 23 26
96 27 1
55 21 43
22 39 95
25 14 19
95 14 98
78 100 99
22 65 40
84 56 2
81 22 85
76 43 22
32 12 67
26 16 74
92 71 23
22 19 16
88 100 5
29 36 56
93 74 19
66 15 51
57 44 77
64 20 92
76 12 53
13 24 83
18 20 1
14 78 18
58 8 49
82 59 100
78 74 54
91 66 74
83 46 50
84 100 30
30 75 10
89 7 16
39 92 80
82 30 33
31 95 88
40 9 52
94 7 6
5 50 21
39 94 15
64 85 31
76 56 80
46 98 17
78 77 27
48 76 63
41 71 73
25 11 50
32 88 11
4 66 44
22 86 86
95 88 83
87 28 74
55 29 84
42 80 33
13 32 5
72 15 84
69 17 97
27 5 7
94 62 41
4 70 96
58 24 1
91 70 2
65 59 85
71 98 62
89 7 25
55 45 55
70 92 35
70 45 61
54 69 12
79 42 83
51 40 67
64 50 59
82 94 22
54 44 75
11 14 38
50 38 73
66 4 73
53 91 21
50 77 97
60 43 93
83 5 40
51 72 90
54 57 46
64 37 40
63 64 96
24 43 29
78 13 23
22 13 70
58 12 62
14 78 16
20 97 86
98 19 36
97 27 87
64 29 28
46 6 77
89 92 42
78 38 20
70 58 50
59 35 99
51 61 18
42 31 85
24 40 20
53 23 39
23 60 3
63 32 71
22 33 100
81 2 39
39 71 25
91 34 31
76 56 100
26 67 59
40 2 47
78 27 28
87 51 36
82 11 23
21 12 77
62 32 4
91 11 34
54 55 6
1 81 63
2 84 16
99 38 52
10 94 80
1 78 10
47 67 12
65 24 11
97 90 53
55 4 44
2 42 98
38 61 22
62 6 54
25 91 99
71 44 81
6 95 32
35 10 48
95 84 93
53 15 92
53 30 96
63 3 68
62 7 48
22 86 64
8 45 35
54 33 66
77 56 71
90 24 20
60 53 90
14 81 85
79 54 9
30 46 93
2 98 58
7 22 9
1 54 45
29 67 23
42 34 72
86 48 49
80 77 10
42 32 95
94 95 77
70 43 27
50 36 24
32 90 61
70 20 37
38 38 100
93 22 34
69 35 66
93 40 93
61 82 16
56 22 72
57 3 54
76 23 62
28 79 55
50 6 26
78 22 23
21 40 29
48 77 32
14 84 50
55 87 34
25 55 60
83 59 38
9 68 81
42 71 14
66 35 35
27 56 80
30 11 73
39 88 14
71 95 48
92 37 45
19 57 48
18 15 57
50 60 96
6 68 56
95 77 67
50 42 92
14 100 31
4 51 49
95 43 30
42 28 2
35 52 29
53 41 14
64 64 27
95 43 38
77 52 32
95 91 79
30 6 23
21 93 77
12 15 41
51 16 5
31 93 83
71 58 57
76 82 21
47 27 92
45 76 84
97 45 28
97 2 85
85 44 64
23 13 13
60 99 92
7 87 98
50 6 56
37 40 27
97 20 41
37 11 12
34 80 5
22 73 63
35 79 55
41 52 42
5 33 32
5 81 78
18 29 48
61 17 75
7 97 27
63 16 82
40 87 46
68 31 43
72 71 5
5 71 59
9 68 6
61 56 48
31 83 45
100 98 77
4 23 72
49 96 93
74 84 45
50 90 29
9 54 30
37 29 44
82 18 98
30 15 17
25 37 57
9 77 12
58 72 74
88 83 6
41 66 73
1 5 48
18 66 24
65 16 18
42 4 92
26 13 34
2 16 75
51 27 93
55 21 32
100 91 41
76 11 92
31 50 4
16 82 5
23 46 98
1 80 98
37 23 52
49 45 52
69 27 50
39 13 91
5 89 90
82 32 41
38 77 20
47 95 94
78 42 23
25 37 9
72 29 15
16 79 58
20 95 20
16 3 87
46 86 65
23 25 60
67 79 15
39 95 28
79 87 49
24 57 19
44 98 100
71 85 51
28 25 94
62 56 55
24 15 90
90 41 92
54 27 89
96 63 37
71 75 36
68 49 41
1 14 87
37 62 91
75 93 90
30 95 45
46 58 44
31 91 3
66 94 40
24 47 64
23 26 92
49 27 58
21 30 64
92 26 86
94 54 75
64 64 80
1 26 73
71 100 47
10 1 40
32 71 33
97 40 71
81 99 86
27 86 9
2 25 83
92 44 46
83 66 99
64 6 64
69 31 36
27 51 64
73 27 95
37 62 38
26 59 54
57 51 33
42 81 90
97 92 54
83 93 1
43 80 71
54 84 46
100 79 5
64 9 63
15 8 13
25 10 24
77 45 90
43 83 1
19 94 76
56 72 91
12 72 26
36 27 64
7 59 62
76 44 100
66 26 5
37 80 54
46 51 30
73 63 60
88 30 6
48 39 29
88 97 27
38 81 17
27 66 28
40 22 94
32 14 53
66 29 31
77 8 93
48 47 20
8 35 81
5 27 1
18 87 19
89 49 53
25 41 87
99 36 88
54 56 95
63 65 57
57 87 52
96 17 37
17 42 66
24 28 95
54 53 15
82 39 21
53 22 31
73 1 71
95 17 94
63 19 30
27 35 69
14 27 92
97 54 36
99 53 97
33 36 30
27 20 56
27 20 89
93 10 80
80 16 89
96 95 36
70 90 20
66 60 50
47 15 30
71 58 26
96 23 61
26 99 73
72 37 25
45 13 55
98 23 81
37 46 87
14 47 74
94 44 87
23 77 35
19 92 58
7 66 23
58 69 54
5 16 32
48 93 86
67 61 70
98 40 36
61 47 40
11 38 15
56 8 24
48 72 54
33 89 34
55 10 49
22 44 15
22 29 95
82 35 5
10 39 33
81 45 51
62 44 95
71 38 73
8 65 46
80 6 95
88 28 4
76 23 74
67 64 21
2 24 72
10 80 15
34 92 40
100 67 55
58 44 63
43 61 33
62 76 46
38 27 74
25 54 54
99 5 41
28 60 52
94 49 38
24 57 48
70 9 99
89 80 74
87 44 15
8 70 85
47 59 31
79 81 71
5 55 59
76 99 22
23 13 18
70 40 77
35 72 65
11 63 21
34 33 74
53 19 66
53 94 27
94 83 59
71 88 66
20 66 85
33 17 3
79 30 8
11 64 73
52 60 94
69 18 57
53 78 50
27 100 52
39 34 14
88 38 86
3 27 36
23 50 91
6 100 68
65 68 92
20 40 20
75 36 28
16 41 19
39 78 48
52 45 22
87 70 50
61 82 56
45 51 9
1 98 63
100 77 27
77 31 6
84 62 92
56 37 6
63 18 45
64 88 3
100 75 81
80 34 16
30 6 30
46 17 11
83 14 90
100 67 51
69 10 35
48 47 66
93 97 76
70 71 43
25 95 12
100 29 54
36 94 99
27 43 29
9 31 28
64 77 55
30 27 52
30 38 74
37 37 58
37 33 17
73 73 91
85 100 65
30 4 10
47 88 83
77 90 44
93 14 53
19 10 89
44 11 83
78 35 13
68 30 99
33 14 18
2 4 73
87 16 89
49 91 21
81 68 97
26 99 24
73 34 98
7 8 66
84 66 7
54 45 99
50 90 46
66 2 39
15 59 30
78 97 92
58 2 49
39 22 54
42 100 59
39 72 81
85 15 29
61 93 48
1 19 76
32 9 83
40 26 24
45 88 54
100 6 67
24 89 26
45 51 82
44 15 79
25 81 95
77 48 56
73 64 55
75 50 19
73 95 58
34 90 90
76 2 28
30 86 16
75 89 23
59 12 82
6 44 18
29 10 22
98 79 47
10 23 16
24 23 18
65 31 11
82 81 12
94 77 93
83 63 77
29 7 31
78 87 50
32 31 74
16 53 65
93 46 10
86 71 38
81 25 95
59 78 96
9 15 76
93 52 96
93 93 20
69 80 35
96 2 89
11 34 2
1 13 3
11 96 70
96 27 27
48 92 56
11 51 11
53 78 89
62 68 15
58 51 57
42 47 56
32 32 6
44 49 66
56 92 81
67 82 51
17 48 70
98 53 7
12 15 56
92 12 91
45 40 15
11 84 46
9 78 22
18 72 34
60 81 66
81 15 85
71 39 35
46 3 33
28 56 86
13 33 74
5 42 88
22 78 55
25 61 10
91 49 35
22 62 63
36 100 42
79 42 44
80 73 28
74 52 100
23 44 56
43 91 64
44 73 36
85 10 36
43 16 70
82 38 82
49 87 43
60 74 22
70 52 94
73 98 66
22 77 39
62 71 87
54 90 95
46 27 71
34 15 72
17 87 56
80 45 2
14 75 86
75 90 6
6 78 92
14 36 87
100 5 65
85 74 95
74 12 44
94 44 58
44 91 33
13 68 7
88 43 43
82 80 75
40 15 27
53 24 65
23 15 91
79 25 49
31 33 34
39 26 6
60 65 51
31 12 56
94 69 4
18 52 49
62 20 27
45 24 18
70 9 33
85 89 61
69 36 88
33 83 10
1 15 79
65 42 2
8 78 66
47 27 8
67 48 18
84 44 61
52 53 21
98 12 89
49 76 48
91 27 71
52 53 47
5 37 47
48 77 18
26 73 65
77 74 59
98 48 41
27 48 69
88 84 26
79 12 2
29 80 51
48 33 35
30 60 74
80 37 65
90 43 23
40 100 46
39 5 20
29 17 35
69 97 94
66 48 29
23 27 33
63 83 36
72 79 58
56 78 11
35 90 61
62 4 58
42 83 33
26 89 19
34 11 39
4 69 20
31 1 72
16 51 97
25 64 1
22 8 53
28 98 88
6 11 6
48 64 9
48 94 40
77 26 86
94 48 57
4 77 35
39 7 5
82 7 32
44 74 82
53 42 25
30 62 34
75 92 74
81 14 14
92 34 18
34 24 84
8 32 33
26 13 98
37 4 18
43 72 97
29 48 90
26 27 54
2 75 48
34 88 41
69 95 69
5 79 42
32 9 72
89 53 81
28 77 62
59 16 63
16 42 1
47 51 53
27 55 53
16 50 74
61 57 54
35 52 3
11 81 67
37 30 23
17 30 78
15 91 53
37 63 65
70 32 96
81 47 11
70 51 57
75 47 22
13 36 12
39 13 72
87 20 10
23 63 17
42 90 28
32 6 14
79 87 97
93 12 68
92 59 4
43 76 80
50 25 61
51 42 11
38 44 20
78 28 38
61 75 54
56 53 23
79 32 20
62 64 73
56 96 92
17 78 66
32 20 24
1 96 63
50 6 3
23 95 91
58 15 96
33 37 97
31 38 81
93 49 31
4 31 77
97 80 10
25 80 36
90 43 47
38 17 58
81 71 94
65 16 8
86 46 94
61 21 28
32 67 87
37 14 24
44 53 61
10 91 95
57 66 47
53 92 6
7 59 82
41 47 61
76 32 44
34 15 34
52 3 93
54 42 24
28 69 77
90 44 95
78 57 5
27 23 39
2 89 19
87 33 98
67 47 99
35 17 15
36 2 22
51 30 81
64 76 89
47 12 52
54 59 1
87 98 84
74 56 37
3 67 19
10 7 89
29 1 83
73 94 65
74 31 83
16 90 82
92 98 82
83 25 85
32 73 12
4 26 9
4 11 36
59 73 44
63 95 2
28 76 19
98 78 69
52 91 14
96 19 85
47 84 37
