100 4012
0 1 2
0 3 1
1 3 3
1 4 10
2 0 4
2 5 5
3 2 2
3 4 2
3 6 4
3 5 8
4 6 6
6 5 1
13 50 50
38 89 95
65 41 70
18 7 65
2 91 56
65 66 86
71 13 69
92 82 63
21 43 83
31 88 67
39 99 66
46 25 54
1 49 52
76 68 78
74 14 71
95 31 77
56 30 72
89 43 93
55 43 58
14 70 66
42 92 56
5 77 62
97 10 85
61 16 93
58 59 79
68 97 65
99 22 98
13 48 67
83 31 68
23 92 64
12 9 62
97 51 90
58 9 90
52 56 63
83 71 79
5 8 68
87 43 74
17 98 54
50 93 85
59 13 64
7 95 80
83 87 55
97 54 97
5 88 95
59 82 80
19 57 67
28 52 87
73 81 69
10 74 52
30 74 75
69 5 83
57 19 96
69 4 54
2 28 89
24 64 75
85 24 78
2 38 99
87 14 81
44 26 61
90 100 97
80 87 71
8 15 95
52 97 81
31 57 97
84 6 97
62 6 53
94 42 69
87 54 80
50 77 89
50 30 52
10 70 97
63 95 80
91 35 82
33 41 71
47 84 82
39 95 52
58 8 62
99 29 61
60 27 67
55 50 56
34 67 81
19 44 68
32 4 84
39 54 66
37 23 71
89 62 85
22 30 86
63 1 76
27 71 87
76 97 85
87 19 56
2 22 86
24 83 86
2 71 66
26 47 93
19 33 83
90 65 83
56 98 98
33 69 72
18 2 54
57 95 87
92 53 68
47 72 98
29 6 69
96 45 69
13 84 77
47 39 88
31 32 57
14 82 93
64 34 56
63 43 53
26 31 68
91 100 88
57 47 77
41 39 87
69 65 71
15 32 92
57 71 72
40 50 94
89 55 97
39 64 96
30 99 98
82 96 53
83 1 85
12 99 59
32 83 76
31 55 76
87 1 59
72 70 80
66 28 73
62 40 86
18 23 64
79 83 78
50 26 62
48 75 85
71 88 84
96 95 88
31 100 88
41 91 74
49 46 78
72 42 68
66 72 93
99 12 86
10 73 83
66 46 83
29 4 94
34 69 77
5 95 89
58 87 98
67 86 96
97 24 89
76 24 68
97 4 51
26 13 76
1 8 62
27 43 69
41 13 78
50 95 60
73 10 59
29 1 80
10 56 74
33 8 92
84 76 56
94 22 73
48 96 65
38 10 60
18 33 78
76 22 62
98 49 70
45 74 92
22 88 71
75 68 73
16 44 97
52 90 93
29 23 93
28 61 97
98 2 90
88 17 78
71 81 61
79 52 96
79 98 93
82 93 52
77 100 72
38 94 97
69 64 54
89 23 89
44 66 86
26 33 96
43 39 72
81 16 97
80 50 79
37 6 81
95 49 73
75 25 52
60 41 64
81 91 57
23 18 64
32 78 84
97 18 81
16 12 56
75 29 71
71 24 52
63 60 81
55 57 56
92 1 80
53 44 82
24 31 98
1 40 83
28 66 74
1 66 69
31 43 55
36 15 83
23 55 56
39 40 68
76 30 80
34 1 61
54 11 70
18 56 96
15 98 65
21 8 90
42 13 98
74 35 64
10 53 71
35 11 60
28 57 53
94 66 95
62 43 82
96 67 88
22 7 73
66 54 98
74 27 88
37 16 50
19 89 93
33 7 64
40 25 62
3 95 68
90 45 71
66 64 84
9 33 60
99 95 67
93 4 74
90 23 63
33 21 54
83 36 87
42 33 64
77 60 86
18 81 83
18 4 85
63 45 56
16 45 93
62 74 80
46 97 63
63 65 96
44 68 52
54 78 55
65 43 63
94 11 80
95 17 83
48 91 58
51 50 95
17 1 84
3 41 69
44 69 51
31 76 71
50 68 90
30 8 95
57 43 73
19 97 83
35 36 89
34 92 68
2 95 78
48 87 54
9 22 66
28 13 73
21 86 72
75 39 64
83 9 89
46 96 54
13 21 87
36 72 56
81 9 91
40 45 98
86 24 82
44 27 60
2 16 69
87 85 96
78 10 81
84 11 56
13 34 82
70 31 56
20 5 84
100 87 57
34 33 71
59 20 69
77 19 76
94 99 70
74 36 54
32 47 95
26 60 82
93 24 52
100 42 63
50 43 60
19 82 68
79 71 58
80 91 62
93 56 56
63 16 90
69 84 94
32 54 77
58 28 87
83 72 63
23 76 97
97 62 70
8 53 58
68 87 59
60 90 68
47 3 95
23 40 75
57 88 89
4 45 54
87 25 51
48 40 89
100 30 80
74 40 56
65 24 98
91 86 54
42 98 66
41 38 60
79 14 54
4 55 59
80 22 85
59 4 59
45 15 55
2 92 55
2 9 71
91 76 68
1 96 57
34 52 89
97 8 63
67 58 93
74 57 56
28 50 53
80 16 90
36 46 65
22 52 92
26 65 93
36 57 66
20 28 84
6 37 85
19 100 64
46 67 61
90 19 75
38 34 72
81 79 84
59 75 62
59 7 56
54 82 98
68 58 55
6 62 80
37 20 87
89 37 86
48 39 88
22 56 90
6 84 63
16 57 69
5 30 83
29 89 80
89 40 53
98 6 72
16 100 51
96 62 85
42 34 89
57 14 81
41 25 51
5 6 72
71 44 95
13 65 67
32 21 81
50 32 57
82 30 74
72 3 85
52 86 62
60 12 72
92 68 95
87 23 51
69 87 62
94 73 57
49 61 70
93 75 82
42 43 96
13 88 96
90 50 66
20 88 52
1 7 80
64 75 77
97 100 77
11 38 82
60 6 75
50 58 60
85 47 90
69 83 77
67 52 81
44 98 91
64 41 63
96 64 94
28 78 88
30 23 95
79 56 69
78 77 50
14 86 82
97 12 95
87 67 89
72 5 85
45 69 59
84 41 76
45 92 55
20 67 52
90 80 65
7 81 89
55 69 91
43 62 99
19 38 65
18 5 79
93 95 52
75 53 84
63 70 55
77 40 95
56 37 59
35 24 61
3 70 74
22 70 98
14 73 52
5 50 79
19 42 69
92 90 98
27 61 52
12 3 96
76 64 60
46 49 96
98 54 77
52 13 76
2 34 67
46 41 97
54 5 83
29 71 76
12 93 52
67 30 53
9 55 96
14 29 72
93 59 71
75 33 80
9 6 62
40 64 67
82 1 61
8 7 65
78 39 89
55 68 53
85 77 80
4 81 86
92 70 83
10 54 71
80 94 82
69 75 75
45 4 53
28 83 95
68 76 86
82 80 87
3 11 59
80 100 85
24 2 84
61 32 56
6 27 99
59 53 84
34 9 61
100 59 84
87 37 56
70 87 87
13 20 88
100 68 97
77 90 50
12 88 94
6 92 73
70 21 60
22 78 81
89 61 80
94 31 97
41 92 85
70 63 61
19 14 92
83 79 51
39 89 64
6 46 82
5 7 78
91 50 57
55 63 65
6 57 58
2 89 71
77 35 55
82 8 60
15 51 97
22 64 77
27 16 65
27 18 55
67 80 50
34 17 93
34 11 61
91 32 54
16 69 90
77 53 98
3 12 66
47 48 59
49 44 95
7 9 89
21 69 77
79 23 59
100 71 72
57 26 59
1 26 84
100 25 54
66 33 59
9 29 87
41 96 92
69 25 57
50 90 68
69 92 50
66 67 54
71 11 80
13 59 65
15 1 85
14 17 96
10 93 69
45 58 84
10 24 95
63 83 88
50 17 70
72 7 94
15 38 83
95 64 62
56 52 60
58 78 69
94 84 63
2 46 94
61 78 64
33 78 79
26 93 89
43 89 71
48 8 74
68 93 95
10 1 72
90 92 65
30 13 53
8 60 76
50 40 73
74 52 71
92 31 57
17 96 85
14 18 72
36 4 60
59 9 91
26 94 70
68 29 58
74 22 76
52 38 89
7 55 66
48 60 97
38 66 99
54 95 60
100 45 57
53 46 77
67 1 99
82 17 89
38 96 87
25 72 56
33 3 56
16 6 68
51 24 74
34 37 68
64 85 76
88 89 58
53 62 86
54 15 60
65 12 88
80 27 87
51 69 52
12 24 54
80 6 75
70 2 95
77 45 77
84 9 64
73 48 72
71 58 54
21 91 77
95 21 67
11 91 79
51 43 56
4 74 69
28 80 97
83 16 82
93 7 91
26 50 76
9 89 83
92 34 56
29 12 69
65 74 95
30 70 93
15 26 87
13 8 58
55 49 64
29 43 74
35 19 73
3 72 60
17 73 51
33 32 65
14 48 77
18 22 60
93 44 51
87 47 57
23 47 59
5 60 51
10 39 54
67 37 95
24 79 77
53 77 95
53 66 80
63 89 87
77 4 86
55 40 65
22 9 72
68 26 86
93 71 92
53 72 93
87 28 67
66 73 63
92 8 89
77 69 94
84 62 65
10 51 83
97 11 67
24 7 64
31 47 68
76 69 93
59 62 54
62 12 76
90 11 99
21 51 83
93 13 91
86 43 62
49 39 91
74 59 79
38 45 57
6 56 54
65 38 79
40 61 90
74 19 66
91 24 93
55 76 58
38 2 64
45 62 71
88 38 62
88 27 63
43 4 50
87 88 82
71 49 59
49 23 91
29 34 80
65 39 74
28 72 77
3 16 63
75 1 61
78 61 84
56 21 60
69 42 59
83 21 90
46 33 57
85 29 69
7 29 95
60 89 69
11 79 98
40 86 71
32 88 64
1 90 90
19 76 69
41 95 72
13 19 58
11 49 93
17 47 59
70 22 85
97 23 86
29 69 88
79 62 91
14 35 84
8 33 94
28 2 59
17 24 80
52 10 82
81 25 70
34 31 68
92 47 61
86 47 60
44 50 66
72 2 70
58 46 70
3 55 75
17 90 62
3 77 63
55 18 74
69 85 98
2 86 56
71 82 70
62 79 76
4 11 78
64 45 75
7 57 65
59 6 81
4 31 82
4 10 77
65 94 52
37 89 61
92 10 90
36 38 75
97 44 60
97 46 72
47 89 88
63 99 64
55 83 86
72 84 85
11 89 68
3 66 84
82 64 52
35 66 80
84 47 53
22 49 93
34 83 54
39 14 73
22 79 83
4 34 62
52 93 58
21 18 87
56 83 62
46 68 75
58 66 60
1 10 86
72 40 53
52 45 74
20 27 51
16 40 67
70 25 73
79 19 87
56 70 91
1 77 77
24 35 52
69 67 80
27 97 55
61 50 69
59 56 83
43 76 82
3 86 76
65 19 59
68 77 59
47 54 74
35 90 91
58 90 95
36 78 66
62 38 50
40 54 70
73 82 88
27 92 63
60 23 70
81 80 72
77 25 66
31 84 72
62 95 58
96 38 85
68 9 74
67 75 94
20 24 97
36 48 53
84 18 54
64 65 85
90 67 65
66 22 63
9 73 64
76 61 89
92 46 68
47 31 63
63 88 99
48 23 92
54 49 57
55 79 92
86 30 58
6 89 59
34 22 89
88 64 55
69 24 73
24 82 64
47 43 86
48 76 91
80 15 59
11 3 82
3 92 87
38 74 84
84 49 72
37 9 80
3 23 67
88 100 73
27 22 52
5 34 50
31 68 52
49 71 92
11 96 58
11 18 79
48 85 92
42 51 96
36 52 64
21 35 85
36 13 51
99 23 76
36 59 83
58 47 97
67 45 98
99 63 82
68 72 81
97 85 52
90 2 56
7 24 93
33 15 65
90 83 93
49 63 77
40 85 77
80 75 69
58 73 62
72 94 90
74 3 92
21 71 95
54 89 88
55 67 81
14 75 70
79 94 72
27 74 68
7 65 53
93 67 51
51 37 76
29 48 95
55 73 96
1 13 64
63 39 82
70 94 76
20 63 75
91 20 74
56 68 83
62 37 96
40 4 60
78 69 83
50 92 92
33 51 61
25 67 83
84 69 97
4 25 64
68 31 55
31 15 63
71 51 79
32 72 65
85 38 66
9 39 90
52 6 62
86 73 92
51 1 88
9 18 70
47 87 74
34 26 90
37 30 66
87 8 65
26 85 65
49 32 87
96 51 75
41 40 52
90 36 99
67 95 67
31 90 85
96 87 64
15 69 69
13 29 76
30 54 69
28 26 86
63 56 91
12 66 52
34 91 73
38 50 52
34 89 61
50 29 56
31 62 70
2 4 63
90 64 80
62 94 78
56 39 71
57 41 87
83 4 67
50 97 80
35 92 57
93 37 54
49 5 56
73 90 95
61 53 92
15 34 91
50 60 61
84 94 86
79 96 87
53 48 65
25 82 85
50 13 83
93 9 79
36 24 69
36 49 60
51 82 66
13 100 87
28 53 66
99 41 51
28 73 68
9 80 76
49 9 69
39 85 72
77 86 63
9 100 66
5 69 76
79 72 67
69 68 54
23 19 84
95 62 85
61 12 90
8 58 54
4 60 53
85 50 73
39 87 67
66 85 67
35 49 67
54 77 63
48 92 55
76 92 69
37 36 86
7 16 50
95 9 94
13 44 88
67 55 58
39 70 89
55 35 79
42 81 77
92 49 90
19 36 82
60 46 91
96 58 83
21 27 61
33 98 92
11 92 70
54 92 55
87 2 59
86 10 61
75 74 67
66 79 59
67 89 69
36 12 51
80 43 61
62 7 57
83 17 74
96 7 96
19 56 87
59 72 88
17 84 51
42 94 77
22 31 81
89 98 65
17 37 59
70 65 70
32 71 79
71 93 83
19 17 63
43 69 70
9 96 65
64 57 70
61 68 59
29 93 94
96 17 71
49 77 74
7 77 88
32 1 92
4 17 58
72 38 57
51 23 66
81 14 57
23 9 59
62 44 99
20 93 57
45 9 59
51 87 54
61 62 91
93 8 82
84 91 93
69 13 90
16 8 97
90 57 82
36 2 52
47 68 99
14 91 91
7 66 76
25 71 94
22 95 68
33 50 67
31 99 99
43 18 83
53 7 77
66 97 76
9 19 78
13 42 99
91 11 51
23 87 54
98 85 53
42 16 59
72 97 99
30 65 73
65 93 72
55 33 76
43 26 65
86 52 87
64 46 63
65 67 83
19 69 84
37 94 74
88 82 55
51 60 89
8 14 74
27 21 63
22 13 72
65 90 98
5 35 64
81 26 93
2 77 81
28 65 95
62 15 69
85 99 69
74 24 58
22 81 56
5 51 99
18 75 67
16 24 81
31 10 76
13 67 64
36 34 91
86 84 68
3 1 84
84 34 86
44 12 88
11 34 96
66 65 92
91 57 72
39 12 71
45 81 93
80 68 98
11 5 76
59 98 84
92 91 59
74 31 90
63 28 55
78 92 82
8 95 91
29 20 72
53 59 72
56 79 94
46 22 88
60 82 99
57 27 94
90 59 92
94 97 71
41 35 74
38 46 87
32 15 55
88 81 63
84 33 96
32 11 59
45 82 73
99 21 85
16 33 54
25 47 58
42 30 58
11 99 56
25 97 77
55 4 87
64 96 67
44 5 66
12 33 69
98 87 83
23 78 71
54 48 69
82 94 72
18 54 68
57 17 76
14 57 79
8 45 63
50 62 77
60 30 61
68 84 77
17 72 58
72 82 80
44 63 67
37 42 65
88 24 82
8 84 75
26 71 97
84 90 59
86 18 89
32 17 85
74 15 55
78 51 66
28 56 51
61 48 94
60 8 55
26 98 92
57 52 81
55 36 67
96 32 60
42 69 66
94 47 81
43 14 61
21 61 92
4 63 91
24 8 60
38 15 65
1 80 84
73 14 86
21 45 90
86 65 63
6 44 68
66 68 70
68 86 93
64 84 86
23 5 67
100 70 56
12 100 54
62 17 81
27 35 66
85 40 67
14 95 56
71 46 65
34 96 87
38 14 87
87 71 90
78 48 59
69 62 69
64 38 63
69 3 52
10 86 58
71 33 55
78 15 73
32 94 64
14 90 96
37 34 73
2 98 71
92 61 98
74 4 84
31 94 71
78 40 59
68 51 99
84 40 83
30 73 63
41 45 98
65 8 76
71 28 67
78 26 84
42 83 67
58 86 99
90 62 78
76 82 96
82 99 65
89 60 93
82 9 75
53 69 71
47 98 76
3 15 67
5 28 55
37 53 75
38 17 98
59 78 77
6 2 74
32 5 82
13 4 84
100 64 63
52 49 60
78 76 52
22 72 59
32 77 60
80 51 66
8 66 52
45 99 71
25 35 85
92 4 68
21 54 50
92 69 94
43 19 82
55 80 89
86 56 85
93 50 53
26 63 93
52 48 86
4 83 76
52 11 59
25 7 88
15 20 59
9 10 64
13 79 82
41 22 76
81 72 68
67 57 70
35 60 57
78 5 96
79 34 94
90 22 55
43 68 54
97 78 73
98 5 89
12 1 58
5 73 95
10 7 60
83 7 73
40 99 72
20 86 73
2 94 75
87 91 54
28 100 67
99 60 53
41 82 84
31 92 74
19 74 95
21 29 73
93 33 90
15 30 53
18 80 65
48 82 66
100 10 82
13 15 99
58 35 79
43 81 74
52 64 99
2 6 75
43 63 87
19 86 82
77 13 67
82 32 95
68 74 67
28 22 71
92 89 53
1 24 66
14 63 53
9 67 79
63 46 70
17 92 97
95 69 63
98 61 72
41 17 82
44 74 80
94 5 83
59 50 94
79 89 93
29 5 96
39 25 77
71 15 68
64 88 71
11 51 50
36 20 67
2 81 81
99 28 85
68 94 82
38 40 74
35 28 85
53 99 88
87 36 70
4 57 76
38 32 80
74 100 68
30 2 83
25 42 59
53 52 89
56 6 67
28 79 92
16 53 74
21 77 94
38 26 85
23 51 90
49 24 58
33 39 63
43 24 76
8 18 93
83 38 54
87 13 89
23 20 55
51 28 57
47 6 89
20 97 57
87 59 59
96 34 85
31 48 69
71 67 65
13 45 62
52 16 89
67 98 61
6 100 52
84 77 89
40 76 95
81 74 55
83 60 79
57 21 80
21 63 87
47 57 98
14 25 73
25 64 81
2 15 96
48 11 84
51 22 88
45 97 56
74 84 70
61 91 55
80 4 52
91 71 68
88 25 74
35 88 71
89 30 77
26 23 67
81 82 99
4 59 59
1 75 88
80 23 76
98 40 66
39 9 55
85 42 77
78 79 72
46 6 91
51 88 85
35 23 53
44 21 81
65 15 78
2 42 77
40 16 97
19 35 52
55 10 80
46 16 84
59 17 69
73 40 68
46 45 69
44 93 64
66 98 98
92 36 78
98 23 51
33 59 89
30 80 69
66 29 95
39 11 92
96 61 80
61 30 78
32 62 74
17 32 55
93 51 87
46 59 88
71 61 82
28 20 74
71 23 95
29 55 87
60 67 58
28 8 89
58 18 52
76 43 60
44 42 65
60 36 71
5 29 83
88 10 85
73 61 82
75 34 83
80 60 50
52 42 84
26 35 77
91 93 51
60 58 57
50 36 51
90 88 83
15 71 55
83 11 63
18 53 78
44 58 81
1 89 75
88 72 50
39 28 59
6 39 92
42 99 51
71 74 93
51 16 55
3 53 70
50 64 92
50 61 73
33 49 80
62 98 56
11 70 90
14 31 75
63 68 82
66 5 56
95 59 86
31 4 85
73 50 96
99 9 61
38 62 73
2 65 61
16 43 96
65 76 94
21 13 65
36 89 86
96 2 50
92 81 54
99 88 97
11 82 54
92 76 75
30 12 51
6 36 92
33 40 61
41 72 91
86 16 67
35 78 75
13 18 90
11 13 58
41 9 70
25 50 86
4 33 66
42 50 90
100 19 61
46 72 68
12 59 61
46 54 79
83 34 58
19 5 94
89 59 56
93 23 68
12 26 82
63 75 91
29 62 69
96 44 65
80 46 52
1 85 56
11 25 78
17 56 78
31 65 66
79 46 89
58 96 85
35 99 53
80 2 70
80 34 60
89 91 61
44 9 89
85 66 50
98 86 88
25 78 63
68 91 67
96 12 99
36 25 74
48 68 87
93 42 76
49 28 98
84 25 59
29 94 67
26 78 95
16 52 50
6 83 85
34 47 81
39 74 99
34 73 93
12 83 54
24 19 62
59 49 59
64 43 84
49 1 67
5 41 97
89 88 67
53 31 97
96 21 75
40 80 87
10 46 64
8 49 51
69 14 95
39 73 50
66 11 79
13 62 78
81 32 73
48 81 56
62 65 73
5 1 75
10 35 57
60 32 60
48 30 59
29 70 94
19 62 90
97 57 98
68 99 60
43 71 61
1 69 99
41 8 58
17 78 86
99 80 66
40 7 52
56 92 90
100 22 85
75 4 82
26 15 83
54 40 59
59 65 97
84 1 51
81 35 97
3 39 66
36 80 76
7 37 60
72 89 67
95 24 68
43 57 69
62 32 56
6 99 86
78 38 88
37 64 86
92 17 68
41 32 62
91 49 88
62 75 90
52 68 83
62 54 88
21 62 62
48 58 55
1 30 98
43 20 89
72 76 61
75 6 68
75 63 91
42 14 71
9 23 57
54 52 62
77 18 72
36 94 64
71 75 55
71 26 98
16 87 51
40 89 72
64 94 72
9 4 71
3 79 92
23 41 77
19 83 91
68 28 90
71 43 55
27 69 72
68 96 70
44 71 75
99 15 53
7 58 76
73 96 50
4 5 80
36 32 54
27 100 81
9 82 71
11 50 63
27 73 75
10 38 87
71 79 62
52 70 63
4 9 84
4 7 87
7 63 94
11 80 91
34 54 83
53 17 88
49 86 62
91 44 84
84 53 62
44 53 74
10 23 97
54 19 92
6 9 76
74 86 53
56 9 96
17 86 63
90 51 72
81 23 85
68 70 73
20 43 59
7 19 61
75 2 83
78 71 79
31 51 51
28 23 85
6 10 85
4 92 91
87 93 76
46 12 94
47 99 54
63 30 66
63 81 90
86 11 92
48 37 70
17 28 67
6 61 79
64 3 59
67 93 77
3 61 73
91 56 74
99 36 69
70 81 83
96 88 59
24 20 72
81 84 61
49 75 73
27 2 91
11 59 65
26 82 93
100 29 91
28 76 54
59 22 69
66 51 99
59 19 54
78 45 70
26 20 99
93 5 62
23 48 85
44 19 64
30 95 56
56 47 93
6 41 51
75 85 66
20 18 51
10 64 86
53 41 60
95 18 70
39 96 77
8 59 78
24 78 84
95 63 72
25 84 81
2 48 84
73 94 59
38 13 65
68 50 97
46 65 65
46 39 83
44 43 95
94 20 91
57 48 93
18 43 91
8 89 86
24 32 81
71 17 95
21 28 85
3 73 94
22 51 60
95 27 52
20 81 52
20 30 98
76 99 61
72 18 67
44 34 66
30 71 64
59 69 90
78 62 59
43 67 90
97 36 84
62 66 96
2 27 78
62 58 71
66 70 93
22 16 73
32 20 70
100 57 70
20 7 84
51 40 82
28 68 94
66 25 90
72 34 77
15 77 53
51 17 96
46 81 80
15 52 84
86 31 81
40 60 98
73 41 96
80 89 62
82 77 58
44 33 64
67 24 75
93 80 72
22 27 57
62 33 88
78 22 60
75 50 62
53 80 80
29 75 85
90 55 58
4 15 76
70 8 82
32 75 81
34 48 91
7 53 79
100 3 69
2 61 60
91 74 59
76 67 68
64 83 92
16 72 70
11 77 61
96 20 75
77 93 82
53 42 63
83 86 69
49 36 62
64 28 62
92 33 90
95 67 73
3 28 96
98 88 91
13 70 75
9 64 67
54 91 52
38 75 85
43 75 93
76 15 98
93 6 57
53 1 51
44 22 57
89 63 66
77 83 98
73 79 82
73 87 86
61 55 51
21 68 63
91 99 84
2 18 93
50 54 67
49 68 98
85 84 50
17 38 83
15 62 94
95 37 71
21 22 95
82 34 68
15 88 66
44 11 83
49 16 60
61 31 50
17 33 91
60 20 79
13 22 91
35 67 94
83 6 89
13 86 83
54 87 89
78 1 70
72 35 93
89 15 68
67 94 66
95 44 85
72 61 90
68 85 86
10 100 95
14 3 56
60 57 64
62 51 57
23 53 88
76 41 80
96 93 95
12 68 67
36 98 67
45 91 94
16 46 50
46 14 69
93 28 70
82 37 88
84 65 75
32 44 78
49 55 91
19 30 64
61 26 52
62 2 90
16 74 98
79 80 89
32 79 80
15 50 86
96 94 57
47 10 97
81 11 75
38 86 85
16 49 82
87 55 77
82 73 59
80 37 97
86 37 96
46 43 56
5 32 69
24 90 84
88 30 87
34 58 94
52 27 92
59 39 84
100 43 74
96 66 82
60 2 51
36 44 53
59 89 93
46 30 53
6 72 73
11 35 97
33 20 75
39 76 94
68 8 58
10 26 83
25 100 86
62 90 53
16 96 52
22 14 86
5 42 60
98 65 50
7 80 65
20 42 76
61 56 85
91 78 76
48 72 71
34 77 76
67 2 78
16 92 74
14 13 64
32 58 67
78 8 61
65 22 90
50 74 96
49 57 89
17 45 90
26 4 78
55 22 80
1 53 65
82 65 99
98 21 61
60 59 51
47 19 87
93 77 97
90 79 81
11 1 86
87 34 68
74 2 90
27 72 96
24 46 94
36 81 95
92 13 88
50 55 93
67 3 59
32 60 78
84 35 64
27 77 51
15 4 74
2 93 57
7 50 70
72 52 80
93 41 56
26 12 77
82 63 64
69 90 51
95 48 58
65 88 61
42 47 51
11 31 88
19 75 74
56 62 55
84 83 99
99 20 57
81 21 90
3 89 84
85 45 80
95 70 68
46 20 73
4 88 83
58 26 99
72 87 73
40 56 72
51 53 96
11 55 50
58 69 71
24 85 59
34 18 85
36 28 86
3 80 86
42 62 85
25 96 88
65 53 60
2 41 70
39 42 52
59 15 64
15 43 55
90 61 90
89 8 54
41 16 96
17 75 98
95 74 87
7 31 76
76 63 52
70 7 90
17 22 66
65 4 88
36 1 70
55 53 74
81 13 86
15 8 66
33 55 52
52 12 52
64 99 95
55 34 57
30 92 78
56 8 73
17 51 79
74 96 94
5 56 78
48 49 80
10 18 84
9 48 94
24 4 84
35 95 96
64 39 82
69 96 97
75 65 60
49 2 55
43 40 89
33 64 98
96 83 94
61 18 53
38 83 95
20 99 71
81 93 87
19 79 73
84 12 55
16 3 54
28 90 67
76 20 94
69 39 81
99 89 57
6 65 77
81 51 98
58 97 74
94 36 75
99 14 80
68 65 61
83 66 99
38 24 76
51 18 89
36 7 63
72 79 73
96 85 58
59 31 62
22 66 50
100 2 68
28 40 96
47 8 90
4 94 78
1 58 84
77 15 80
30 88 79
60 69 63
46 57 68
30 84 97
76 16 56
82 14 67
60 93 84
72 4 73
22 8 76
69 51 67
61 51 99
84 22 76
27 9 97
18 28 86
8 44 63
95 39 76
99 46 61
98 47 90
2 79 51
90 20 81
80 57 89
30 77 83
81 19 59
50 7 95
9 58 84
41 1 84
30 32 59
11 97 62
6 80 96
9 38 65
90 47 76
10 6 84
100 11 75
45 76 50
6 50 62
58 4 91
77 38 83
73 72 87
91 14 64
89 13 62
51 48 68
54 35 50
61 39 54
16 15 91
79 73 89
91 58 71
33 46 87
63 19 76
48 89 52
1 48 90
35 79 91
97 76 97
30 40 88
84 31 59
27 51 77
88 26 81
22 97 63
62 63 98
81 88 62
61 43 85
34 98 50
75 15 81
41 59 93
20 41 78
100 31 96
64 55 64
65 55 75
30 90 62
31 93 56
52 76 74
30 20 62
91 39 51
54 73 82
15 10 73
19 94 82
44 35 62
60 22 64
51 75 85
87 40 63
65 35 94
73 5 98
56 20 74
92 50 97
30 52 68
87 78 96
2 97 70
71 90 93
87 10 59
53 20 82
21 38 59
41 10 75
44 10 85
6 32 88
68 71 56
17 87 81
69 81 90
31 40 95
90 81 88
86 96 65
2 62 75
92 30 61
34 16 55
24 65 66
11 60 84
1 21 60
88 32 98
91 90 69
20 87 79
93 49 68
13 35 82
84 75 94
56 42 80
49 26 86
78 65 52
28 77 57
56 65 61
33 42 75
25 88 80
76 55 68
94 70 99
57 25 57
93 62 72
96 57 68
18 44 89
87 56 50
89 36 50
96 98 79
16 66 90
41 86 69
82 71 50
85 82 81
28 92 52
1 62 75
16 98 57
8 3 92
69 86 70
32 8 63
81 75 65
27 41 92
40 6 84
54 30 67
48 5 69
36 33 71
2 73 76
38 6 65
68 4 76
24 12 64
20 72 84
9 46 68
42 58 62
98 55 50
4 48 79
98 31 78
9 28 84
53 6 90
19 15 84
41 11 72
77 23 52
32 92 54
65 49 87
86 94 99
66 93 77
39 8 93
85 90 91
50 65 70
81 22 54
85 70 90
34 70 89
1 29 61
2 63 89
26 16 63
19 51 51
5 66 79
40 23 69
38 28 54
86 72 89
21 90 99
59 73 66
72 57 91
79 75 79
71 39 71
50 6 70
69 95 62
67 22 52
15 97 80
84 85 92
55 89 81
63 29 77
96 22 96
22 90 66
61 52 57
33 11 63
50 25 96
85 25 73
67 59 59
70 56 55
81 69 58
67 84 75
17 40 85
12 48 98
47 46 98
87 74 63
56 97 64
100 96 94
37 75 76
22 93 73
34 84 52
94 14 59
38 57 75
94 62 96
41 18 66
2 60 50
87 64 80
5 63 91
73 92 58
3 97 58
11 40 64
92 5 99
99 64 73
71 34 93
43 15 87
37 33 51
59 77 86
1 55 79
33 67 93
72 20 59
39 68 94
31 50 80
52 43 93
8 81 97
83 50 70
88 58 64
56 38 74
86 89 58
68 19 93
75 51 95
76 88 81
43 11 88
61 17 52
7 42 91
52 91 50
63 47 76
95 55 96
69 11 71
29 32 97
75 24 97
4 44 60
28 96 56
65 63 64
82 66 88
25 65 63
56 75 88
25 21 72
25 74 87
25 53 60
69 20 71
55 95 81
37 22 67
15 92 99
30 15 84
34 46 61
70 36 66
96 16 64
48 77 71
30 100 90
33 71 92
27 33 85
49 42 52
32 51 89
25 28 67
87 50 65
19 46 73
77 47 63
72 37 65
34 27 65
27 54 93
17 99 60
83 88 58
33 43 50
80 17 61
63 79 79
36 74 81
81 34 96
64 2 89
69 22 56
80 92 81
70 53 99
13 63 71
51 93 91
91 29 85
85 11 59
89 65 60
56 28 89
85 79 96
41 69 58
73 3 58
27 25 97
10 78 89
37 50 94
15 12 64
14 62 75
4 38 83
23 46 54
51 66 82
3 40 64
92 29 55
20 61 93
11 48 93
69 19 83
91 52 84
77 10 92
7 12 95
23 90 74
14 77 81
40 57 83
47 73 87
77 91 92
10 61 65
20 64 83
62 39 63
92 73 91
76 77 69
79 88 80
82 5 51
41 81 83
49 76 90
39 19 52
82 58 85
19 81 52
54 41 88
73 4 91
17 26 70
12 73 82
12 17 50
96 1 72
9 47 79
60 56 88
98 15 59
83 40 66
66 83 99
8 61 57
30 16 84
51 19 58
88 50 56
7 36 91
64 21 78
67 51 65
43 47 67
26 40 73
87 70 94
11 61 67
52 94 63
99 56 74
71 68 65
9 92 87
16 32 61
51 33 91
95 1 98
94 71 74
76 13 72
78 11 94
68 2 72
94 27 93
74 26 62
45 89 51
8 11 64
54 29 90
65 34 74
39 66 91
1 81 87
82 53 56
49 38 83
81 58 56
43 5 61
28 41 55
61 71 70
50 86 65
29 9 83
53 95 81
28 46 86
20 13 84
50 83 61
84 82 77
25 68 64
94 45 74
12 76 83
59 21 87
53 49 66
44 67 98
12 47 69
77 98 96
56 22 91
60 70 85
49 67 65
74 85 96
81 39 71
41 64 81
98 37 69
53 5 94
81 56 61
78 7 85
73 7 94
58 75 82
1 36 96
78 36 75
56 69 59
27 85 76
27 46 83
80 96 79
55 44 77
2 88 67
95 12 83
3 19 95
74 23 89
10 8 58
53 71 57
71 16 87
24 74 65
60 55 87
45 65 75
89 82 70
31 33 64
16 81 99
93 46 58
12 54 57
46 62 79
83 100 79
3 51 77
78 97 73
15 54 65
10 66 90
52 20 95
58 37 87
82 46 82
16 68 76
17 85 96
47 63 57
11 16 98
29 64 67
89 6 91
60 83 64
48 2 62
10 87 75
86 70 83
57 46 66
40 91 76
19 71 69
79 3 90
10 98 69
6 78 54
10 33 55
76 90 70
10 94 82
90 14 63
78 73 58
79 24 86
86 59 64
77 42 68
42 76 83
84 43 61
60 28 98
12 44 85
38 56 88
69 45 76
50 41 62
32 49 94
88 4 50
7 89 55
52 79 98
77 16 50
31 61 50
94 39 97
11 15 61
76 42 52
80 29 95
49 82 81
61 14 77
33 74 71
28 94 65
88 97 58
8 36 73
33 17 52
13 39 64
95 76 85
58 12 62
74 50 52
64 35 83
80 49 70
58 79 81
98 93 88
76 26 92
88 61 66
82 88 97
18 70 90
39 6 73
97 25 94
26 2 66
75 88 61
24 5 65
64 15 93
39 79 69
70 28 78
45 95 80
14 93 61
48 73 93
66 87 98
96 91 72
16 30 76
77 39 74
68 23 81
96 43 83
52 65 61
77 2 54
87 69 86
42 55 64
67 49 54
96 68 85
42 100 84
47 88 66
100 48 64
1 11 60
38 5 51
54 58 79
2 21 79
51 2 77
12 67 55
56 49 75
83 42 77
33 60 92
20 82 97
61 74 61
20 66 88
41 58 57
61 23 88
79 36 75
95 54 85
79 91 69
8 85 93
58 88 67
61 82 74
18 87 90
67 8 70
50 44 75
92 48 94
5 22 79
47 82 77
8 17 52
47 4 99
69 27 85
41 84 85
41 24 79
12 75 89
53 54 74
57 50 58
12 8 91
5 10 62
56 33 77
5 15 85
86 2 99
5 23 74
7 52 95
18 52 99
5 14 73
21 23 95
13 98 64
96 56 54
38 23 89
9 11 54
2 76 66
82 56 88
40 36 88
73 64 66
54 69 97
65 100 69
92 95 58
96 77 70
56 59 77
94 2 63
51 14 98
13 40 69
90 33 55
64 29 50
36 100 81
82 13 52
9 35 62
7 14 68
79 74 55
13 55 55
46 23 83
80 61 92
53 45 85
77 97 56
37 32 61
75 10 97
24 95 80
96 89 79
18 19 53
48 62 93
93 65 57
30 53 78
51 31 81
46 98 86
89 57 71
42 5 93
50 99 60
34 13 84
51 89 88
57 61 78
8 82 75
70 18 81
20 60 80
57 67 73
22 86 71
12 39 56
85 80 61
29 49 87
14 40 85
100 84 81
55 31 99
56 77 65
88 84 56
15 14 50
44 65 82
28 24 53
53 33 57
86 69 79
7 15 97
77 68 61
58 77 50
37 12 80
83 5 85
32 89 99
45 50 57
87 22 77
65 69 74
66 24 50
50 10 60
63 57 68
82 2 77
1 6 79
58 76 91
72 17 60
85 7 61
92 64 77
66 40 71
79 61 65
2 82 76
43 42 81
13 3 71
45 22 69
80 78 92
18 90 73
18 86 61
62 67 94
17 11 79
100 14 68
77 27 51
17 44 60
88 99 69
2 7 80
3 74 99
19 18 66
68 12 50
29 97 93
81 73 69
60 11 52
87 90 84
66 96 81
11 74 82
93 96 61
75 80 86
95 34 69
91 83 84
98 77 65
48 25 80
20 36 98
12 20 88
53 32 66
77 44 67
52 40 79
77 1 79
78 21 98
64 67 50
36 27 77
30 47 89
5 75 71
26 74 90
79 48 69
59 46 53
1 84 56
69 57 97
45 1 70
10 4 80
40 37 98
25 94 87
1 65 94
4 50 66
55 100 57
74 70 53
39 30 87
34 49 71
12 87 94
99 52 97
4 100 79
45 87 64
39 62 82
22 40 63
26 38 63
71 2 99
49 15 53
56 23 89
34 2 78
7 20 95
94 33 69
96 31 63
29 90 72
55 2 86
45 17 69
85 1 89
6 51 90
24 41 66
7 28 90
60 37 75
74 61 66
93 27 69
64 1 50
45 7 56
87 52 65
48 98 69
19 85 93
36 45 95
62 41 83
51 62 85
14 96 75
18 45 69
59 5 84
63 4 88
70 4 65
6 86 59
12 70 72
23 27 85
49 7 83
69 59 77
17 25 73
88 23 66
4 39 82
11 58 63
71 31 57
88 7 54
71 100 85
34 19 58
50 56 97
67 17 83
60 1 83
10 34 61
73 17 92
8 31 97
53 97 82
16 42 87
74 62 63
60 91 65
20 38 76
6 69 70
75 60 65
46 86 77
44 54 87
16 1 64
9 76 58
34 79 69
32 52 91
83 63 64
28 3 90
67 44 81
17 63 92
87 5 59
4 32 89
53 91 54
3 75 97
68 39 60
75 31 56
28 70 95
24 27 60
10 65 79
27 31 67
95 22 65
7 79 80
6 5 52
40 55 67
95 2 89
77 9 88
82 29 99
52 78 62
18 17 56
82 43 50
36 10 88
19 50 79
38 25 62
71 72 64
94 3 63
8 68 64
24 84 60
85 69 80
51 35 76
14 8 52
99 39 79
97 21 50
88 56 55
63 98 56
82 70 82
39 88 75
95 72 92
48 6 81
4 27 86
48 1 81
1 79 63
71 1 55
54 60 94
50 67 86
57 42 96
97 45 55
71 76 81
86 50 97
36 18 78
45 55 57
97 5 64
34 14 74
72 88 75
71 32 78
72 44 71
18 50 64
94 48 94
93 98 74
15 85 85
51 63 74
88 86 74
23 99 76
65 21 74
32 13 80
5 82 54
32 86 85
73 52 97
35 80 93
46 21 68
44 25 80
94 77 94
52 75 67
16 61 87
54 97 62
35 86 59
79 17 88
48 57 98
5 53 90
68 98 80
52 31 81
37 86 69
32 57 65
11 26 93
51 59 52
24 36 53
74 64 97
59 37 90
34 93 80
91 61 68
27 80 98
82 60 79
32 61 50
40 74 88
79 30 99
12 78 98
20 49 98
55 96 67
54 46 67
88 14 81
2 37 77
97 99 74
52 98 93
8 29 96
40 26 65
22 11 85
74 39 60
60 7 78
32 19 82
8 43 75
55 51 75
6 30 64
92 24 77
87 84 59
24 56 53
63 78 62
94 87 97
63 36 64
80 3 54
59 34 93
9 42 95
58 32 93
22 4 65
83 75 91
53 19 63
77 73 95
100 18 82
24 40 51
83 20 63
78 3 69
76 23 63
20 3 76
95 86 52
53 76 50
59 52 88
24 45 94
73 29 86
90 73 62
53 25 87
9 52 94
89 75 93
38 93 79
25 14 69
32 100 74
26 68 63
7 38 56
61 83 55
99 16 71
89 7 94
27 83 98
35 56 84
67 36 86
100 86 92
56 24 83
67 15 62
34 80 71
25 22 93
6 25 59
86 58 60
49 51 86
92 45 74
72 54 64
4 36 68
41 80 80
97 19 90
57 53 81
57 12 54
68 20 51
25 18 75
36 50 77
79 12 55
79 31 62
5 18 88
43 48 65
91 55 77
99 68 62
100 13 81
98 66 84
2 33 87
5 97 65
8 16 57
66 94 56
84 44 63
37 63 92
83 74 81
49 4 57
97 16 72
69 71 80
36 3 59
65 23 65
45 63 81
23 77 80
57 66 94
42 97 57
84 80 83
49 3 72
24 51 63
88 40 62
91 92 73
83 70 75
72 13 75
79 77 94
53 98 77
30 76 72
21 41 81
44 87 58
92 20 70
12 84 97
10 58 88
31 8 82
70 46 73
76 35 50
15 21 54
32 63 96
64 56 63
36 5 83
28 97 83
16 73 58
5 78 85
40 32 81
58 44 94
2 45 68
63 44 75
69 47 68
10 32 58
92 21 77
80 56 56
32 74 70
5 27 85
78 42 94
82 35 73
94 18 95
59 91 78
93 29 67
96 8 95
53 63 77
65 7 62
58 21 71
20 16 55
35 40 91
10 57 67
93 86 84
80 42 77
87 94 98
44 13 63
8 10 93
2 19 98
33 88 63
48 9 62
98 99 70
58 41 93
56 72 53
98 33 85
15 40 50
22 34 95
41 20 94
79 37 79
21 80 68
59 30 89
5 61 82
29 66 73
57 54 50
97 64 71
89 66 86
83 47 59
8 38 89
4 77 53
21 20 60
39 23 84
51 32 51
29 26 53
93 55 52
62 76 90
57 31 82
97 70 50
66 36 60
47 90 69
89 9 60
100 20 95
9 41 60
42 93 90
96 40 72
13 57 55
26 3 60
28 49 70
61 96 64
31 82 76
53 47 66
95 58 59
56 96 84
78 90 85
22 69 94
10 30 61
75 47 95
81 66 85
67 96 61
42 59 99
95 11 52
31 44 96
39 47 97
55 98 83
25 30 72
42 7 53
17 3 94
2 67 86
63 92 58
41 57 94
49 78 86
85 59 90
33 24 89
33 44 90
34 8 82
75 66 54
53 68 53
84 16 89
43 55 71
64 7 91
2 14 94
27 58 95
78 46 69
33 47 82
83 69 79
7 41 73
70 98 52
1 76 65
27 68 77
92 60 67
48 67 73
44 90 80
68 35 71
93 11 53
94 96 55
23 72 60
4 35 71
66 18 62
69 72 70
68 78 82
22 58 69
29 31 65
88 3 75
1 38 97
71 78 95
89 68 94
28 7 99
23 57 92
12 72 89
5 37 54
8 100 95
90 34 97
54 21 69
88 93 75
82 59 61
99 8 64
74 92 55
49 59 71
22 74 51
1 93 73
84 95 54
47 86 91
26 41 90
55 26 91
49 73 70
9 74 53
62 4 83
97 69 63
81 62 72
59 18 59
2 99 69
16 51 51
8 90 88
7 91 81
78 67 91
72 49 51
9 65 68
55 90 79
46 73 83
25 57 72
27 57 53
8 19 54
100 94 71
70 35 51
20 70 80
46 35 93
45 67 72
81 37 81
2 11 50
11 19 88
83 98 56
90 13 55
54 65 57
87 62 61
68 49 83
26 7 58
75 18 56
94 64 91
18 10 60
43 3 94
95 66 70
7 84 92
26 92 56
27 67 81
55 13 50
41 93 51
13 14 93
89 14 63
41 60 62
16 50 55
68 10 97
28 54 83
26 86 98
73 28 50
51 64 70
78 56 97
14 10 70
29 30 84
60 40 84
34 45 84
3 2 83
86 5 57
76 86 70
9 27 95
70 95 94
74 56 61
17 74 72
30 86 66
28 95 63
7 22 76
70 78 65
46 37 58
17 59 67
40 78 75
2 72 55
16 37 53
83 37 76
38 60 73
16 19 63
99 62 85
35 45 93
24 30 97
34 44 55
83 26 89
15 48 62
67 16 63
90 26 96
67 63 73
44 28 95
57 10 73
77 29 51
68 100 63
12 34 52
69 76 59
23 52 79
17 4 64
19 31 56
70 38 73
33 65 60
27 76 85
19 39 89
20 4 97
15 83 85
49 17 66
17 81 66
13 31 95
45 51 76
97 71 77
44 52 59
56 31 67
49 48 62
96 18 93
98 70 95
76 54 87
73 45 62
24 96 69
77 11 70
17 21 95
71 73 78
86 62 57
30 49 84
65 98 59
16 7 80
91 59 79
23 68 92
89 56 52
19 61 94
5 24 90
50 72 61
40 71 65
27 70 87
42 19 73
85 41 53
23 86 58
36 8 75
83 10 78
36 82 99
48 35 76
40 62 90
65 13 92
75 16 56
6 55 70
98 46 51
88 96 65
32 26 52
68 90 82
34 65 92
94 89 81
74 72 96
43 60 55
62 60 68
85 54 97
59 45 60
36 14 66
60 5 90
51 49 82
88 11 65
90 29 74
94 90 80
6 48 99
20 96 74
33 25 61
78 59 75
32 97 98
98 57 82
14 66 55
47 96 66
90 87 72
43 73 90
100 80 89
7 62 54
95 10 53
57 24 70
46 66 64
75 72 59
96 86 65
70 74 97
98 43 95
85 60 63
40 84 81
92 99 63
43 17 72
60 65 91
30 28 65
31 77 76
94 26 61
54 17 96
100 61 74
11 71 62
74 88 85
63 53 83
27 93 85
92 74 65
92 85 65
74 1 71
61 99 77
30 63 73
74 71 58
100 28 63
32 31 94
58 100 61
26 18 97
45 14 95
58 14 94
73 36 53
25 36 82
80 97 63
86 3 68
43 85 77
90 21 60
42 75 67
60 62 85
12 40 83
10 76 97
93 72 61
25 76 77
30 24 66
47 51 73
23 4 77
92 39 95
89 38 51
78 18 98
15 56 95
51 70 59
3 20 86
39 5 87
80 7 76
10 89 86
25 33 92
82 31 94
34 25 86
42 67 85
13 87 85
7 30 63
24 62 62
95 79 96
37 71 65
82 10 99
21 39 96
60 34 88
81 76 83
32 25 67
63 80 91
6 19 77
74 10 69
22 12 79
65 83 70
81 92 52
73 33 60
31 35 70
27 13 58
39 18 89
87 72 64
8 42 88
88 28 99
1 9 90
36 84 86
67 81 83
75 89 95
32 46 51
64 44 55
64 48 70
45 3 71
63 11 52
29 67 63
2 36 78
63 23 99
18 64 84
94 58 88
43 54 84
85 71 62
44 59 96
26 100 68
7 92 97
89 34 94
48 42 51
71 52 65
89 71 61
91 28 87
20 44 90
69 28 83
98 19 61
13 37 56
12 96 83
36 56 99
96 70 53
59 32 81
54 100 60
43 16 74
62 42 50
83 29 69
85 14 87
82 68 99
45 35 96
83 96 91
6 33 60
24 94 53
100 67 79
93 84 95
70 45 80
11 66 75
22 73 56
23 84 66
96 52 95
53 87 89
81 48 81
36 93 68
79 7 85
62 78 69
55 56 60
6 97 76
11 30 67
51 95 68
77 55 78
20 23 74
65 85 52
11 63 99
84 32 63
2 20 72
54 45 63
99 19 81
34 74 88
69 52 54
6 58 86
95 92 88
55 11 89
84 71 85
22 38 89
63 5 66
85 86 90
73 2 64
27 55 74
39 45 62
22 26 70
60 73 88
97 86 50
7 27 51
47 40 89
97 79 56
90 46 51
23 3 90
81 44 51
99 100 96
37 65 81
71 92 79
94 43 96
21 81 96
78 35 52
76 2 51
88 75 84
94 59 82
80 79 64
58 42 86
73 37 69
14 99 59
21 31 94
15 100 62
53 100 65
6 43 98
98 18 63
37 35 68
88 63 78
27 36 76
29 54 70
64 73 55
9 43 79
67 29 72
67 70 56
66 62 86
4 28 56
65 33 82
64 10 68
36 54 99
52 18 65
60 71 52
58 83 94
88 76 84
91 89 93
33 66 68
19 16 68
31 81 94
37 55 85
49 40 90
44 61 71
98 36 83
9 77 64
18 98 57
60 78 78
23 60 59
11 7 70
57 94 76
75 49 69
22 29 92
98 12 68
64 77 64
80 35 97
7 17 89
63 97 50
72 10 84
30 59 57
33 29 89
81 52 52
87 73 87
57 15 98
92 22 93
92 15 63
56 18 79
70 54 92
84 81 97
81 95 84
96 41 67
30 96 87
64 9 87
95 98 78
44 24 61
50 28 71
91 31 96
10 12 82
48 3 95
42 41 93
37 70 91
99 47 61
56 16 55
41 30 77
21 3 54
37 14 59
44 76 89
47 22 76
26 87 96
35 63 93
23 85 53
7 60 58
62 68 70
80 45 75
74 8 69
13 49 95
36 91 50
62 13 88
19 28 94
50 2 75
76 45 86
27 30 73
99 58 98
76 60 77
40 18 56
39 59 95
48 43 80
86 98 57
87 16 92
53 16 81
93 45 99
68 36 98
59 8 67
33 83 87
85 20 54
52 24 63
100 92 65
6 15 99
18 68 53
69 61 91
96 60 88
25 95 97
4 47 70
58 54 64
61 60 60
8 71 53
37 81 73
70 79 80
89 86 73
37 69 71
24 50 55
67 83 81
79 25 64
99 42 88
16 79 54
40 72 86
65 29 67
23 95 83
54 12 60
38 54 87
13 73 65
15 60 95
71 18 85
30 21 57
41 19 59
52 50 60
61 15 75
55 88 71
91 25 71
26 59 57
56 60 76
25 59 50
53 26 56
99 54 50
32 91 62
71 29 76
30 1 93
22 15 65
49 58 78
30 19 80
41 5 72
46 89 90
35 34 78
37 48 97
74 98 53
82 28 54
10 50 60
77 34 74
90 99 68
10 17 71
57 96 53
6 47 74
4 95 77
4 64 76
43 34 73
79 90 94
31 69 54
5 25 75
26 54 54
85 87 61
99 34 78
84 5 83
4 8 94
9 93 68
43 74 67
5 16 71
80 76 60
98 80 70
95 83 84
21 49 85
51 27 83
47 7 55
24 66 52
97 20 99
45 77 99
1 54 71
29 80 77
74 91 66
15 42 82
31 74 93
96 33 59
71 59 57
1 43 53
94 67 65
66 32 83
81 6 67
46 75 77
93 87 59
41 65 64
68 43 87
73 49 93
40 73 87
41 3 88
50 38 94
50 24 90
24 26 56
28 5 53
97 55 72
32 2 53
23 43 81
79 35 76
66 1 89
40 30 94
70 44 57
71 35 83
30 67 50
83 51 68
96 72 93
54 31 51
26 53 89
4 89 88
33 30 72
7 94 83
90 38 54
6 87 93
69 78 67
1 87 96
33 68 59
83 12 88
82 18 87
75 14 56
56 4 81
9 86 88
64 5 56
64 91 51
41 6 72
68 16 77
62 23 58
94 69 94
11 46 81
58 24 74
53 75 79
41 43 53
31 72 96
82 15 90
53 2 63
40 14 62
97 80 74
95 19 74
47 70 97
11 57 59
79 1 96
49 29 83
19 47 63
30 5 87
54 7 95
67 35 77
85 18 99
10 40 80
38 61 71
64 58 54
77 71 54
65 97 51
33 12 75
88 66 68
77 99 81
37 68 75
40 94 80
99 1 81
41 66 98
47 29 91
35 30 53
48 47 90
64 47 55
36 55 86
71 56 81
27 48 60
100 24 88
100 33 66
26 95 65
75 100 70
73 66 99
79 18 72
2 51 82
88 57 50
68 1 58
1 99 92
75 41 83
48 27 78
23 11 64
70 64 52
91 47 97
66 15 67
62 81 67
29 73 97
18 32 87
41 4 91
89 84 65
100 37 98
89 18 87
96 59 69
27 82 67
36 92 96
29 36 63
85 68 99
28 69 60
100 16 78
29 42 89
23 56 59
49 97 75
39 69 58
36 64 87
16 23 75
49 35 94
64 37 95
7 74 83
54 83 93
34 53 86
38 36 89
32 87 81
39 97 63
19 93 78
15 70 69
1 78 59
74 21 59
46 4 80
26 39 81
70 50 75
93 88 83
88 15 74
53 86 70
61 20 87
32 9 72
100 34 86
72 95 52
55 5 52
72 12 69
31 34 65
28 31 94
14 64 92
45 20 96
15 5 86
89 92 51
74 46 66
5 64 56
23 63 77
51 67 90
95 91 72
20 48 50
65 96 76
85 5 72
26 88 85
69 63 93
23 12 51
100 82 66
28 58 75
47 13 50
80 74 99
16 26 51
75 9 95
76 95 52
79 76 89
41 27 72
53 55 71
3 26 76
73 91 51
12 28 72
38 44 59
65 91 75
90 72 71
66 23 50
5 38 89
75 28 78
3 7 90
37 67 95
72 29 50
94 95 84
35 72 85
99 70 58
26 70 74
74 58 55
73 46 97
16 35 69
29 8 87
44 32 97
27 49 65
98 90 63
28 25 88
48 12 55
18 60 77
86 88 89
39 93 68
56 95 60
37 92 66
85 51 57
33 76 81
21 93 82
77 58 54
90 15 64
50 87 87
12 7 62
66 17 56
18 40 98
17 70 71
57 37 64
51 86 88
25 49 65
95 52 91
23 66 51
100 44 58
51 80 66
77 80 63
38 8 93
43 38 52
95 93 70
72 81 75
85 6 85
86 6 95
47 58 84
16 64 53
27 96 72
34 51 70
12 95 58
86 33 56
87 49 96
7 67 70
59 86 75
53 27 97
20 80 65
48 65 81
44 55 99
64 32 73
91 96 97
12 21 53
89 24 59
57 92 62
19 25 75
15 66 70
57 76 63
33 16 60
57 87 76
58 57 71
89 100 62
82 4 91
40 79 52
92 98 88
77 8 94
7 44 62
82 50 95
73 44 87
58 16 82
61 11 65
25 62 54
66 44 57
38 91 98
38 82 86
9 49 98
78 70 78
98 39 80
35 94 59
1 3 93
59 36 80
88 74 73
31 73 77
61 5 77
46 77 85
27 7 63
85 97 85
3 71 63
46 93 51
84 72 60
81 7 85
88 43 69
62 28 66
80 66 80
57 45 68
94 54 72
34 87 87
37 74 88
60 97 84
28 62 83
10 52 98
19 52 71
78 88 94
99 55 70
40 34 51
83 95 89
1 98 58
79 42 87
4 53 57
9 69 94
4 40 96
62 82 60
17 43 75
100 47 77
92 27 72
59 63 98
81 24 98
81 33 99
89 42 88
36 47 92
55 14 61
45 13 59
82 84 63
43 6 97
57 78 89
45 26 90
39 37 70
18 99 54
17 34 91
84 70 90
16 31 91
35 96 69
67 66 99
16 48 50
98 10 90
26 44 70
3 59 88
13 2 66
69 54 67
95 56 65
91 42 70
70 29 62
44 57 50
58 19 90
73 70 91
28 15 91
61 76 97
35 2 76
20 78 75
47 79 70
84 14 84
31 26 98
38 58 53
20 59 87
78 68 67
98 51 76
66 9 79
11 6 80
77 94 75
13 38 78
69 41 61
4 84 91
89 50 85
79 57 58
52 87 88
76 10 97
57 9 87
70 10 71
86 67 75
60 79 50
3 33 59
67 18 82
65 84 88
98 67 99
91 81 79
66 80 89
60 13 95
50 80 61
30 91 81
77 72 87
70 73 63
7 68 74